0 0.35845479452054796 0.6502568493150684 0.008465753424657496 0.01931017612524452
0 0.3229671232876712 0.6103326810176125 0.013227397260273966 0.01383561643835615
0 0.1478041095890411 0.976609589041096 0.029032876712328775 0.04547945205479454
0 0.27288082191780816 0.8341364970645793 0.0460794520547945 0.10159980430528368
0 0.33827123287671235 0.579121819960861 0.01663013698630138 0.015523483365949128
0 0.23573424657534248 0.9231360078277886 0.020690410958904136 0.036105675146771016
0 0.3253068493150685 0.6909809197651663 0.014575342465753437 0.02015166340508809
0 0.2684123287671233 0.9155821917808218 0.02398082191780821 0.06129158512720155
3 0.22562465753424657 0.9726761252446184 0.03432328767123287 0.04785714285714283
0 0.2348821917808219 0.6581800391389433 0.040076712328767146 0.0610763209393346
0 0.05041095890410959 0.9310714285714287 0.014082191780821911 0.04713307240704497
0 0.2007054794520548 0.8979476516634051 0.07382191780821916 0.19731409001956945
2 0.4233356164383562 0.7317049902152643 0.08368493150684933 0.1721183953033268
3 0.4169972602739726 0.5771428571428572 0.012334246575342461 0.010547945205479425
0 0.3100246575342466 0.8710812133072408 0.013167123287671218 0.026027397260273883
1 0.393472602739726 0.5923752446183953 0.044468493150684914 0.01873287671232875
0 0.2968452054794521 0.6216364970645792 0.0108630136986301 0.01743150684931512
1 0.37138493150684926 0.8920719178082192 0.09356986301369863 0.019310176125244632
0 0.3782493150684932 0.5537402152641879 0.00881095890410961 0.006237769080234833
0 0.17272465753424657 0.8912451076320939 0.05724657534246574 0.06716731898238745
2 0.4484986301369863 0.9076051859099804 0.1293041095890411 0.18303816046966737
0 0.326272602739726 0.5953180039138943 0.015684931506849315 0.019569471624266144
0 0.18244794520547944 0.8077079256360078 0.03403561643835614 0.0781457925636008
0 0.31026027397260275 0.7346404109589041 0.011753424657534272 0.04198140900195692
0 0.31872328767123287 0.671247553816047 0.010816438356164389 0.014275929549902073
0 0.37100273972602743 0.6253326810176125 0.008487671232876717 0.045538160469667285
0 0.08023835616438356 0.9585004892367905 0.04380821917808219 0.06321428571428574
3 0.3165753424657534 0.5739799412915851 0.02219178082191781 0.008204500978473573
0 0.11996575342465754 0.913529843444227 0.013334246575342455 0.04664872798434449