0 0.4231575342465754 0.5767049902152641 0.008616438356164395 0.017411937377690763
0 0.41000410958904104 0.590878180039139 0.004989041095890359 0.014173189823874768
0 0.41747945205479453 0.7054060665362035 0.013320547945205449 0.025890410958904035
0 0.41865342465753425 0.6266046966731899 0.027482191780821903 0.03401174168297455
0 0.3722041095890411 0.7543860078277886 0.030994520547945173 0.07766634050880626
1 0.43976027397260276 0.6503962818003913 0.055547945205479454 0.014491193737769139
0 0.4294986301369863 0.5542318982387475 0.009057534246575327 0.03401174168297455
0 0.38711369863013695 0.6864456947162427 0.010189041095890425 0.03358610567514682
0 0.4583698630136987 0.8899706457925636 0.09638904109589039 0.21326810176125238
1 0.4012150684931507 0.6983023483365949 0.01889589041095891 0.010459882583170196
0 0.4210013698630137 0.6070743639921722 0.00975068493150689 0.022270058708414864
0 0.35202465753424655 0.8775318003913894 0.1207232876712329 0.2343982387475539
0 0.4151027397260274 0.6713062622309198 0.022863013698630086 0.02530332681017614
1 0.34414931506849317 0.6466756360078278 0.13227123287671233 0.02260763209393348
0 0.5622863013698629 0.8740288649706458 0.040901369863013626 0.1175293542074364
0 0.45565890410958904 0.7424926614481409 0.023673972602739686 0.05685420743639923
0 0.4385164383561644 0.6846722113502935 0.032380821917808236 0.04713307240704508
0 0.4292342465753424 0.8128106653620352 0.028994520547945185 0.17072896281800382