0 0.41440821917808224 0.6319031311154599 0.008980821917808211 0.02526418786692764
1 0.3986630136986301 0.7631849315068493 0.3070246575342466 0.06042074363992172
1 0.21337397260273974 0.7199363992172211 0.22598630136986303 0.04723091976516632
0 0.44447534246575343 0.6613013698630136 0.011427397260273982 0.022837573385518624
0 0.4104109589041096 0.7018957925636008 0.009873972602739716 0.0319031311154599
0 0.4333041095890411 0.712940313111546 0.016000000000000025 0.027407045009784727
1 0.3723246575342466 0.7304427592954991 0.18478630136986302 0.020151663405087977
1 0.34496301369863014 0.679704011741683 0.08819452054794516 0.03206947162426612
0 0.3372890410958904 0.6403473581213307 0.046726027397260325 0.033816046966731954
0 0.32553424657534247 0.6776638943248532 0.019298630136986315 0.026824853228962782
1 0.417613698630137 0.663378180039139 0.055216438356164375 0.01108121330724075