0 0.5674547945205479 0.9718346379647749 0.02209863013698626 0.04954011741682974
0 0.35069726027397263 0.7249853228962817 0.03526301369863015 0.08984344422700592
1 0.4358082191780822 0.6779672211350293 0.13495890410958902 0.019310176125244632
0 0.4126465753424658 0.6002715264187867 0.014536986301369847 0.025914872798434456
1 0.3695041095890411 0.8039114481409002 0.08510684931506853 0.06465264187866931
0 0.4014780821917808 0.948745107632094 0.010813698630136993 0.038625244618395324
1 0.26603835616438354 0.6413869863013698 0.161041095890411 0.013292563600782703
1 0.5018630136986302 0.7510127201565557 0.051720547945205475 0.020988258317025485
0 0.32459589041095893 0.6280919765166342 0.016495890410958915 0.01889432485322902
0 0.4828219178082192 0.9730968688845402 0.014575342465753437 0.04869863013698628
1 0.1804876712328767 0.6674706457925635 0.09168767123287672 0.02182974559686883
1 0.2956835616438356 0.6615924657534247 0.14434794520547947 0.02686399217221139
0 0.4882684931506849 0.5454036203522504 0.0056931506849315 0.006071428571428611
0 0.16614657534246574 0.8845156555772994 0.052660273972602735 0.12846379647749506
0 0.2734260273972603 0.6211325831702543 0.014523287671232874 0.014192759295499017
0 0.28510410958904114 0.8761179060665362 0.0789917808219178 0.08144324853228964
0 0.45966027397260273 0.594926614481409 0.021589041095890462 0.03988258317025439
0 0.21246027397260275 0.955883072407045 0.020219178082191768 0.08312622309197655
1 0.42354109589041095 0.6053326810176125 0.01088493150684932 0.008502935420743693
0 0.5465328767123288 0.9034050880626223 0.01598630136986299 0.04365949119373777
0 0.43894931506849316 0.5763796477495107 0.012265753424657529 0.014579256360078256
1 0.04248493150684932 0.7531115459882584 0.08087123287671233 0.030225048923679047
0 0.5251383561643836 0.8631042074363992 0.013635616438356223 0.011756360078277872
0 0.43838219178082194 0.5603864970645792 0.015668493150684946 0.014980430528375792
1 0.1931821917808219 0.8047504892367906 0.26660000000000006 0.06968688845401178
0 0.47623835616438354 0.8081090998043053 0.02586301369863016 0.1167074363992172
0 0.35946986301369865 0.6189946183953032 0.018063013698630153 0.01888943248532285
0 0.4457493150684932 0.6470523483365949 0.016495890410958853 0.05457436399217219
1 0.3222657534246575 0.6025538160469667 0.08541917808219181 0.01539138943248523
0 0.45459589041095894 0.5599804305283757 0.01090684931506854 0.012553816046966771
0 0.3806287671232877 0.6431335616438356 0.025115068493150705 0.05597358121330728
0 0.2333835616438356 0.9155821917808218 0.024449315068493155 0.04954011741682974
0 0.2575986301369863 0.7426174168297456 0.12742191780821915 0.1452544031311154
0 0.4454410958904109 0.723304794520548 0.034794520547945205 0.08479941291585123