0 0.1676598956903651 0.8173493385595296 0.04661817183639858 0.06969132778049976
0 0.07002607740872907 0.875281724644782 0.13547900082349712 0.1570112689857913
2 0.4468899258852594 0.7378907398334149 0.14275597035410376 0.25481136697697204
0 0.39950041174855894 0.6063204311611955 0.015789184737853474 0.04373346398824116
1 0.25611446609936867 0.7696423321901028 0.08787537743617894 0.021048505634492915
0 0.5775912709305517 0.8492013718765311 0.03136151523469668 0.057726604605585576
0 0.22121740323908864 0.6918961293483585 0.008814164150425477 0.014777070063694308
0 0.4384298654954708 0.5894414502694757 0.01698600054899811 0.030318471337579672
1 0.21724128465550374 0.7684762371386575 0.07676640131759538 0.03620774130328275
0 0.3493782596760911 0.7536354728074474 0.030054899807850675 0.057726604605585465
1 0.2961776008783969 0.7206810387065165 0.11161405435080977 0.036482116609505164
1 0.23634367279714522 0.7014821166095051 0.2808674169640406 0.05122488975992159
0 0.48432610485863303 0.6156785889269966 0.006862475981334065 0.019823615874571307
1 0.3249107878122427 0.6677878490935816 0.09419160032939884 0.022836844683978393
1 0.18747186384847653 0.6824154826065654 0.07941806203678288 0.008476237138657498
0 0.58326104858633 0.9307006369426751 0.05545978589074944 0.13014208721215084
0 0.2081471314850398 0.7221190592846642 0.06535822124622565 0.05142087212150909