0 0.40489863013698635 0.5276296477495107 0.003589041095890448 0.008096868884540096
1 0.4083958904109589 0.539777397260274 0.020030136986301406 0.007421722113502971
0 0.28747808219178084 0.5921257338551859 0.07249041095890409 0.051893346379647716
0 0.4116095890410959 0.5910616438356165 0.008506849315068543 0.028542074363992132
0 0.44661643835616444 0.8089481409001957 0.08510684931506853 0.3803522504892368
0 0.04107534246575342 0.7820792563600784 0.08087397260273972 0.06464774951076326
0 0.4107397260273973 0.5556849315068494 0.004898630136986331 0.006996086105675124
0 0.39667945205479455 0.5220596868884539 0.0075561643835616865 0.012485322896281792
0 0.30062054794520543 0.9609197651663405 0.02068767123287671 0.07472602739726028
0 0.3601287671232877 0.5559760273972603 0.013386301369863048 0.018077299412915873
0 0.15533150684931507 0.6905601761252447 0.15046027397260273 0.11839041095890411