0 0.23821987373044196 0.8987922586967173 0.07578094976667583 0.19898579127878496
0 0.4779151797968707 0.8685815776580108 0.06773812791655229 0.26283684468397844
0 0.4212064232775185 0.710717785399314 0.019332967334614346 0.07304752572268491
0 0.4287565193521823 0.814828515433611 0.023991216030743917 0.16372856442920142
0 0.5842259127093056 0.974360607545321 0.013173208893768811 0.03946104850563448
0 0.5766991490529783 0.9109676629103381 0.05174581388965138 0.08732484076433122
0 0.35814987647543234 0.5977853993140617 0.016464452374416693 0.07892209701126895
0 0.29675130387043647 0.6149779519843215 0.019272577545978598 0.023321901028907466
0 0.5270710952511666 0.8773836354728074 0.08514411199560804 0.17463988241058306
0 0.24970765852319515 0.6490837824595787 0.0310266264068076 0.02741793238608527
0 0.41767773812791653 0.9558868201861833 0.024413944551194024 0.08648211660950514
0 0.09521548174581389 0.9193655071043607 0.08613230853692011 0.10579617834394908
0 0.18012489706286025 0.7476604605585497 0.15998627504803734 0.16876531112199905
0 0.33253499862750485 0.8312028417442431 0.07907493823771615 0.33081332680058784
0 0.6291490529783145 0.968062224399804 0.034339829810595635 0.057094561489465935
0 0.3226571506999726 0.7157545320921117 0.1035355476255833 0.16876531112199894