0 0.2914520547945206 0.6578131115459882 0.07758356164383563 0.1452544031311155
0 0.4658931506849315 0.9751956947162428 0.02021917808219183 0.04785714285714283
0 0.08597808219178082 0.8139872798434442 0.17067945205479448 0.11502935420743635
0 0.44873287671232875 0.681323385518591 0.008463013698630102 0.026032289628180057
0 0.40892602739726025 0.5478424657534247 0.004926027397260279 0.025753424657534184
0 0.49245890410958904 0.8572455968688846 0.08275342465753423 0.2855088062622309
0 0.4386232876712329 0.9059271037181997 0.02680273972602744 0.1528131115459883
1 0.28486986301369865 0.772424168297456 0.11425479452054793 0.08060176125244618
0 0.39749726027397253 0.5461423679060665 0.004380821917808222 0.02235322896281803
0 0.12712054794520547 0.9546232876712328 0.049841095890410976 0.08227984344422692
2 0.40431369863013694 0.5135885518590998 0.014693150684931475 0.047617416829745615
0 0.35940273972602743 0.5371526418786693 0.011999999999999988 0.034500978473581204
0 0.4161493150684931 0.5857436399217222 0.013334246575342486 0.0539334637964775
0 0.4282780821917809 0.6565533268101761 0.05030958904109586 0.12594422700587088