0 0.43569311007411476 0.5839637432631063 0.009755695855064497 0.05790298873101424
0 0.4554144935492726 0.5955365017148456 0.025597035410376064 0.09888290053895157
0 0.3719352182267362 0.5991450269475748 0.006148778479275347 0.01700636942675161
0 0.07219873730441943 0.7825036746692798 0.14439747460883887 0.12258696717295446
0 0.4273003019489432 0.8211219990200882 0.026815811144661007 0.20822146006859382
0 0.28477491078781225 0.6002621264086232 0.023488882788910252 0.018280254777070036
0 0.5376324457864398 0.8194487996080352 0.14116662091682677 0.35432141107300336
0 0.4576873455942904 0.8950048995590396 0.024460609387867177 0.20657030867221945
1 0.3874595113917101 0.6253772660460558 0.03251441119956081 0.007089661930426275
0 0.241512489706286 0.9092871141597256 0.05320340378808676 0.1796815286624204
0 0.30457040900356847 0.72624938755512 0.10678012626955806 0.21158745712885846
0 0.521167993412023 0.7199510044096031 0.02544880592917926 0.061293483586477286
0 0.26482020312928906 0.7002229299363057 0.06961844633543783 0.10243508084272424
0 0.33856299752950864 0.5626874081332681 0.03133406533077137 0.02234688878000975
0 0.43818418885533894 0.7000514453699166 0.06124897062860277 0.15305732484076437
0 0.3675157836947571 0.6167736403723665 0.011155640955256684 0.026315531602155825
0 0.17024567664013177 0.8769622733953945 0.15057644798243205 0.24433121019108284