0 0.2696904109589041 0.69293542074364 0.021315068493150673 0.021017612524461746
1 0.37558356164383566 0.7056678082191781 0.029479452054794558 0.03765655577299403
0 0.27105068493150686 0.6730748532289628 0.005443835616438357 0.01619863013698625
0 0.3292013698630137 0.6099290606653621 0.01204109589041097 0.025875733855185958
0 0.33635479452054795 0.6564946183953033 0.0068027397260273775 0.015425636007827887
1 0.32728493150684934 0.6417343444227005 0.025397260273972617 0.014985322896281742
0 0.31413287671232876 0.6732754403131116 0.008616438356164395 0.016599804305283787
1 0.19501369863013698 0.7904085127201566 0.21441095890410958 0.029163405088062685
1 0.4271643835616439 0.7900807240704502 0.16587397260273967 0.013409980430528415
0 0.2910054794520548 0.727575831702544 0.014060273972602722 0.018224070450097846
2 0.07415753424657534 0.8018713307240705 0.03893972602739726 0.04470156555773
1 0.29860136986301367 0.6283537181996086 0.03423835616438357 0.016560665362035182
1 0.3518890410958904 0.6743101761252446 0.034693150684931534 0.02514677103718204
2 0.29693972602739727 0.8857387475538161 0.17362739726027399 0.22852250489236786
0 0.3229767123287671 0.6498116438356164 0.004989041095890421 0.013321917808219187
0 0.2947465753424657 0.6573043052837573 0.005213698630136979 0.02109589041095885
0 0.1974849315068493 0.718084637964775 0.01432876712328769 0.014055772994129167
0 0.29270136986301376 0.7564872798434442 0.007473972602739719 0.027534246575342564