0 0.4614273950041175 0.9479274865262126 0.024507274224540205 0.10414502694757469
1 0.38286851496019764 0.6406075453209211 0.08848202031292894 0.013434590886820221
0 0.4332020312928905 0.9306981871631553 0.030153719461981858 0.04617834394904458
0 0.4144098270656053 0.8576531112199902 0.03387043645347244 0.10159725624693784
0 0.27255970354103765 0.7825036746692798 0.1491655229206698 0.2972268495835375
2 0.108858083996706 0.9248236158745713 0.1811528959648641 0.14525722684958356
0 0.09168816909140817 0.7774669279764821 0.13082075212736755 0.13769720725134735
0 0.17989020038429862 0.7023199412052915 0.08424924512764204 0.08480646741793235
0 0.45978040076859733 0.7254115629593337 0.02780126269558056 0.033586477217050444
0 0.44402141092506175 0.8362420382165605 0.022624210815262166 0.1410583047525723
0 0.03897886357397749 0.8114723174914257 0.07056272303046938 0.06801077902988728
0 0.4075651935218227 0.6053429691327781 0.013686522097172695 0.09907398334149917
0 0.5186041723853967 0.8929152376286135 0.05880043919846282 0.21242528172464475
0 0.432731265440571 0.7102964233219011 0.016980510568212984 0.11419402253797155