0 0.30562723030469396 0.6641842234198921 0.06280538018116935 0.08045075943165117
1 0.316306615426846 0.7207912787849093 0.0936563272028548 0.02434590886820189
0 0.359099643151249 0.7666340029397355 0.0293713972001098 0.09534541891229785
1 0.32251578369475703 0.5906026457618815 0.02699698051056819 0.010935815776580076
1 0.29347927532253637 0.6074056834884861 0.09142190502333243 0.007285644292013777
3 0.43430277244029647 0.5901224889759922 0.00501509744715893 0.0061832435080842185
1 0.22624073565742517 0.7123958843704067 0.13548998078506727 0.031063204311612
0 0.49107878122426574 0.7982606565409113 0.15657425199011799 0.20494855463008338
1 0.6119571781498765 0.8849412052915238 0.03956080153719459 0.025188633023027856
3 0.4296019763930826 0.5743214110730035 0.009190227834202586 0.008201861832435086
0 0.42744853143014 0.5455193532582068 0.014221795223716702 0.02558059774620286