0 0.7442479452054794 0.8685616438356165 0.2515534246575343 0.2628082191780822
1 0.27245205479452056 0.7650440313111546 0.5294520547945205 0.0453522504892367
0 0.511972602739726 0.8622627201565558 0.09733150684931506 0.2720401174168297
0 0.144986301369863 0.7178498043052837 0.10438356164383564 0.07724559686888459
0 0.4228698630136986 0.6603302348336596 0.021630136986301382 0.04616927592954996
0 0.2032904109589041 0.6615924657534247 0.016926027397260266 0.023507827788649686
0 0.021006849315068493 0.8278400195694716 0.042013698630136986 0.050376712328767136
0 0.6727780821917808 0.7027348336594911 0.06441643835616435 0.048698630136986394
0 0.06552465753424658 0.75353228962818 0.042315068493150684 0.036105675146771016
0 0.4705958904109589 0.6989554794520548 0.021158904109589045 0.04113992172211357
0 0.038957534246575345 0.7950954011741683 0.040906849315068494 0.028546966731898195
0 0.07610410958904108 0.7690631115459882 0.03244383561643836 0.02015166340508809