0 0.42545753424657534 0.606179060665362 0.010816438356164389 0.02182974559686883
1 0.30901232876712326 0.5920694716242662 0.06370684931506852 0.01690802348336592
0 0.22962191780821922 0.7619275929549902 0.10344109589041098 0.15364970645792572
0 0.5404205479452056 0.9097040117416829 0.04607945205479454 0.08983855185909986
0 0.4578945205479452 0.7505993150684931 0.03151506849315068 0.11753913894324854
0 0.34669999999999995 0.5818297455968688 0.015043835616438378 0.02182974559686883
0 0.5013931506849315 0.8332974559686889 0.02915342465753421 0.10999021526418795
0 0.3001506849315069 0.6527764187866928 0.03197260273972604 0.05121819960861048
0 0.3648013698630137 0.6359858121330724 0.02586027397260277 0.046179060665362086
1 0.37774520547945206 0.5976100782778865 0.05227397260273978 0.009329745596868853
0 0.09882465753424657 0.7934148727984345 0.19764931506849315 0.19143835616438365
1 0.21155753424657534 0.6853253424657535 0.13779999999999998 0.02161937377690805
1 0.3758520547945205 0.695599315068493 0.10438356164383561 0.02938845401174165
0 0.4306301369863014 0.6510983365949119 0.012695890410958881 0.02938845401174176
0 0.4057 0.5892416829745597 0.0068027397260273775 0.03401174168297455