0 0.12994109589041095 0.8971086105675147 0.15328493150684933 0.2006751467710372
1 0.32812739726027396 0.6317857142857143 0.06065479452054791 0.014275929549902184
0 0.5187917808219178 0.9252372798434442 0.034794520547945205 0.1477739726027397
1 0.4188739726027397 0.6578155577299412 0.12648219178082193 0.02938845401174165
3 0.3405876712328767 0.671247553816047 0.03009041095890409 0.04450097847358123
0 0.04953835616438356 0.8652030332681017 0.09780000000000001 0.1083121330724071
0 0.2761712328767123 0.7946722113502935 0.03291232876712326 0.15533268101761252
0 0.13276164383561645 0.7808194716242661 0.06864657534246575 0.06381115459882586
1 0.29356849315068495 0.6527764187866928 0.031032876712328794 0.01763698630136984
0 0.4785890410958904 0.9773116438356164 0.019276712328767095 0.045376712328767124
0 0.2578342465753425 0.6657901174168297 0.07052876712328766 0.10411448140900192
0 0.2 0.7132314090019569 0.06676712328767125 0.07304794520547943
0 0.25454109589041096 0.9319545009784735 0.031032876712328763 0.12930039138943247
0 0.48634794520547947 0.825738747553816 0.012224657534246607 0.11502935420743635
0 0.22797671232876712 0.6624388454011743 0.026802739726027376 0.03524951076320937
0 0.3986561643835616 0.5843468688845402 0.031504109589041096 0.038625244618395324
0 0.4513191780821918 0.9470670254403132 0.01363561643835616 0.05541585127201565
0 0.18072191780821917 0.7812377690802348 0.03949863013698632 0.052896281800391444