0 0.33800136986301366 0.7346404109589041 0.0456082191780822 0.10915362035225055
1 0.2441972602739726 0.8051687866927593 0.1391780821917808 0.0251908023483366
0 0.45931095890410956 0.6200318003913895 0.0070547945205479455 0.020993150684931437
0 0.46495342465753425 0.6502568493150684 0.00705205479452055 0.01931017612524452
0 0.4955164383561644 0.7426174168297456 0.039027397260273926 0.140215264187867
0 0.44873150684931506 0.8513478473581214 0.039495890410958925 0.08564090019569469
2 0.3471698630136987 0.8190215264187867 0.07616986301369863 0.07472602739726028
1 0.26935342465753426 0.8555454990215264 0.10015342465753427 0.06381115459882586
0 0.4536698630136986 0.5923214285714286 0.006112328767123273 0.015954011741682924
0 0.5270191780821918 0.8895523483365949 0.06535890410958908 0.1654060665362035
0 0.41088630136986304 0.9407632093933465 0.023049315068493118 0.11837573385518593
0 0.44049999999999995 0.9386619373776908 0.03245205479452056 0.10413405088062617
0 0.40264657534246573 0.701472602739726 0.025402739726027405 0.1418982387475538
1 0.39795068493150687 0.8580675146771036 0.03197260273972598 0.03190802348336596