0 0.3798479452054795 0.834557240704501 0.02586027397260277 0.023507827788649686
0 0.428513698630137 0.6443786692759295 0.01128493150684933 0.031066536203522503
0 0.4064150684931507 0.9655381604696673 0.033854794520547925 0.062133072407045006
0 0.3925438356164383 0.8924902152641878 0.04278630136986297 0.07892367906066544
0 0.3448191780821918 0.7745229941291585 0.016926027397260266 0.08816536203522507
2 0.38525616438356164 0.7073532289628179 0.06394794520547947 0.22921722113502935
0 0.3782027397260274 0.964699119373777 0.021627397260273986 0.06381115459882575
0 0.16959041095890415 0.8531727005870842 0.17375068493150686 0.2886350293542073
0 0.2846342465753425 0.6624315068493151 0.060183561643835606 0.09739726027397257
0 0.33118356164383567 0.9050856164383562 0.05266301369863014 0.17799902152641886
0 0.4475561643835616 0.9050856164383562 0.02962191780821921 0.18639432485322896