0 0.25155640955256653 0.6409750122488976 0.029717265989569034 0.056687898089171886
0 0.34808262421081526 0.580235178833905 0.007260499588251454 0.03401273885350322
0 0.0388004391984628 0.806435570798628 0.0776008783969256 0.07808427241548255
0 0.20766675816634642 0.72624938755512 0.050332143837496575 0.0906761391474767
0 0.43369612956354653 0.930281724644782 0.03763107329124346 0.1343410093091622
0 0.40335575075487234 0.8257447329740324 0.012701070546253083 0.09655560999510052
2 0.26426022508921215 0.5535129838314551 0.040153719461981874 0.07531602155805979
0 0.40968158111446606 0.9500122488975992 0.018863573977491086 0.0965556099951004
0 0.2116415042547351 0.8312052915237629 0.042382651660719216 0.0822831945124939
0 0.09004254735108426 0.7892209701126899 0.17456766401317597 0.19647231749142577
0 0.2476269558056547 0.742202351788339 0.047556958550645075 0.07892699657030874
0 0.3843041449354927 0.6422856442920138 0.05833104584133956 0.16288584027437533