0 0.20079879220422728 0.6536207741303283 0.04233873181443865 0.037785399314061684
0 0.254449629426297 0.8207079862812348 0.08283832006587973 0.16372856442920142
0 0.19447158934943728 0.6804899559039687 0.03062311281910515 0.019314061734443826
0 0.5654090035684874 0.8987947084762372 0.1364177875377436 0.19899069083782464
0 0.11685424101015646 0.7539563939245467 0.09459785890749382 0.09236158745712886
0 0.2850247049135328 0.8891401273885351 0.023565742519901185 0.07052915237628615
0 0.30501646994235526 0.6196153846153846 0.010867416964040604 0.010078392944635063
0 0.20505627230304693 0.9525306222439981 0.056497392259127074 0.09151886330230277
0 0.07710678012626955 0.7510191082802548 0.08283832006587978 0.06296913277804997
1 0.10956354652758715 0.8471558059774621 0.19281910513313205 0.12090641842234198
1 0.3544331594839418 0.9504311611954924 0.23849574526489156 0.062136207741303254
1 0.3671095251166621 0.662437530622244 0.05875377436178979 0.060455658990690886
1 0.379835300576448 0.6091205291523762 0.05785890749382382 0.012596766291033824
0 0.15448805929179246 0.685107790298873 0.04567664013175953 0.036947574718275394
0 0.3278314575898984 0.6733537481626654 0.014158660444688423 0.020151886330230333
0 0.3567375789184738 0.7249902008819206 0.04939061213285749 0.056251837334639856
0 0.405447433433983 0.6053429691327781 0.025355476255833138 0.03862322390984819
0 0.2781800713697502 0.9710019598236159 0.023991216030743855 0.054576188143067174
0 0.46918748284381007 0.9756197942185203 0.03344496294262974 0.04534051935325819
0 0.44333928081251717 0.8589000489955904 0.04939061213285755 0.22000489955903968
0 0.25068487510293713 0.6351494365507105 0.031092506176228378 0.02098971092601662
0 0.4609799615701345 0.6582410583047525 0.03668954158660447 0.0822831945124939
0 0.02347927532253637 0.8270039196472317 0.045207246774636285 0.04365997060264582