2 0.4160568213011254 0.7312861342479176 0.05880043919846282 0.2989073983341499
0 0.34758852594015915 0.6263351298383145 0.017922042272852098 0.018471337579617858
0 0.38169365907219327 0.9134860362567369 0.03532802635190772 0.1696080352768251
0 0.33679247872632445 0.6511024007839294 0.014111995608015394 0.026026457618814364
0 0.055914081800713694 0.8207079862812348 0.10819379632171287 0.09319451249387557
0 0.45978040076859733 0.8782239098481136 0.016415042547351134 0.07556589906908379
0 0.05076310732912435 0.7955193532582068 0.10071369750205873 0.0831210191082803
0 0.5203335163326929 0.8601837334639882 0.11184463354378267 0.2796325330720235
0 0.4541353280263519 0.7816658500734934 0.016417787537743603 0.04870161685448303
0 0.13590721932473238 0.901734443900049 0.1110623112819105 0.19143557079862814
0 0.1554048860828987 0.7396839784419403 0.06162503431237991 0.06716805487506121
0 0.43555448805929176 0.9390960313571779 0.03203678287125996 0.11838804507594311
1 0.16013175953884162 0.7917417932386085 0.07483941806203677 0.03862322390984808