0 0.3040164383561643 0.6056139921722113 0.0228547945205479 0.021863992172211376
0 0.16449999999999998 0.9269153620352251 0.07475890410958905 0.136022504892368
1 0.3663890410958904 0.5885934442270059 0.17421917808219178 0.010777886497064565
1 0.27805205479452055 0.8593175146771037 0.5520054794520548 0.039476516634050905
0 0.4191301369863013 0.5479696673189823 0.01261095890410958 0.02647749510763204
0 0.4388575342465753 0.7396795499021528 0.004701369863013721 0.023507827788649686
0 0.4305465753424657 0.5640215264187868 0.0021123287671232353 0.006095890410958811
0 0.32537260273972607 0.6641707436399218 0.031282191780821936 0.045660469667318945
0 0.36988904109589044 0.5522578277886497 0.026112328767123272 0.010777886497064565
0 0.36194794520547946 0.6044618395303327 0.018328767123287633 0.014843444227005943
1 0.1991219178082192 0.6930772994129158 0.09768493150684933 0.016037181996086093
3 0.26304109589041097 0.7772015655577299 0.02219178082191781 0.023189823874755315
0 0.43167534246575345 0.5896135029354208 0.015684931506849315 0.04521526418786696
0 0.4300904109589041 0.5565337573385519 0.015358904109589027 0.015014677103718226
0 0.4207561643835616 0.6981164383561643 0.017397260273972603 0.05121330724070453
0 0.3332671232876712 0.5866658512720156 0.0329232876712329 0.014094911937377665
0 0.4287493150684931 0.6481580234833659 0.021158904109589045 0.040298434442270006
0 0.15862328767123285 0.7144887475538161 0.0253890410958904 0.03358610567514682
0 0.19395068493150686 0.6763136007827789 0.03673424657534248 0.030122309197651742