0 0.27188031841888555 0.5916609505144537 0.05130936041723856 0.04548750612444876
0 0.2005874279440022 0.6553013228809406 0.06919571781498762 0.07976482116609503
2 0.409181992863025 0.8096031357177854 0.07227559703541037 0.37491425771680553
0 0.30877985177051887 0.6170970112689858 0.011806203678287124 0.023512983831455173
0 0.25113368103211636 0.6278074473297404 0.015059017293439446 0.026825085742283195
1 0.3214809223167719 0.5914894659480647 0.016511117211089787 0.010916217540421349
0 0.34264891572879497 0.6066021558059774 0.023096349162777894 0.06128858402743749
0 0.19282596760911339 0.9160044096031358 0.06402141092506176 0.15281234688878007
0 0.2537427944002196 0.8018152866242039 0.04944002195992314 0.0973983341499266
0 0.30054762558331044 0.6981210191082803 0.04614603348888279 0.11502694757471826
0 0.08348476530332144 0.7783047525722685 0.16510293713972002 0.16960313571778532
0 0.13431237990667033 0.8645026947574719 0.16727971452099916 0.26403723664870166