0 0.33879315068493143 0.6572431506849314 0.011361643835616445 0.016198630136986365
1 0.4132931506849315 0.6414481409001956 0.0764164383561644 0.011330724070450137
0 0.3185 0.6890288649706457 0.027460273972602745 0.03846868884540123
0 0.4566630136986301 0.7231800391389431 0.02468493150684929 0.1266438356164383
1 0.4022835616438356 0.6139163405088063 0.038572602739726014 0.00728473581213301
0 0.2202260273972603 0.6624975538160469 0.05494520547945207 0.0388894324853229
0 0.3526260273972603 0.6363894324853229 0.012720547945205498 0.025508806262230857
0 0.4493561643835617 0.6313356164383561 0.012465753424657534 0.046135029354207414
0 0.1456931506849315 0.9810738747553817 0.024449315068493137 0.03358610567514682
1 0.3035684931506849 0.7126736790606654 0.12813424657534245 0.02125733855185912
1 0.30160273972602736 0.6335518590998043 0.08030136986301374 0.012544031311154537
1 0.2637041095890411 0.6637769080234833 0.13527671232876715 0.013248532289628145
1 0.4253 0.6226198630136986 0.050589041095890436 0.006883561643835696
1 0.14832191780821918 0.7238502935420743 0.1818767123287671 0.008502935420743693
1 0.3916712328767123 0.6608463796477495 0.11974794520547949 0.01660469667318985
0 0.2272876712328767 0.8495352250489235 0.12383561643835614 0.23546966731898236
0 0.3766958904109589 0.6833194716242661 0.019293150684931527 0.040826810176125265
0 0.29950684931506844 0.733089530332681 0.01608219178082193 0.02496575342465752