1 0.19449492176777383 0.8051739343459089 0.050334888827889106 0.018471337579617858
0 0.2807905572330497 0.7392626163645272 0.04708756519352184 0.08648211660950514
0 0.14484353554762558 0.910127388535032 0.07060938786714245 0.13266046055854971
0 0.2297515783694757 0.8282631063204312 0.06261048586329945 0.09487996080352762
0 0.32564644523744163 0.5824424301812836 0.031721108976118566 0.02157275845173933
0 0.15636837771067802 0.8127315041646251 0.047559703541037605 0.05877021068103873
0 0.07263656327202855 0.7967785399314061 0.052261872083447715 0.053733463988240984
1 0.40239088663189676 0.7522758451739343 0.2611199560801537 0.057094561489465935
2 0.18974471589349434 0.6960240078392945 0.18016469942355198 0.17128368446839792
0 0.202469118858084 0.9361587457128857 0.0522618720834477 0.12258696717295446
0 0.023455942904199837 0.8240641842234199 0.04139445511940708 0.04114159725624695
0 0.4014342574800988 0.5929397354238118 0.025838594564919052 0.03440470357667811