0 0.32380867416964043 0.5720970112689858 0.010664287674993113 0.03441450269475747
0 0.25068487510293713 0.8626874081332679 0.11576447982432059 0.18219990200881928
0 0.2975953884161405 0.5293802057814797 0.012725775459785864 0.01538951494365511
0 0.2624320614877848 0.5949755022048014 0.014087290694482583 0.012959333659970625
0 0.23067252264617072 0.6026702596766291 0.014087290694482583 0.011337579617834333
0 0.055937414219050234 0.9164257716805488 0.10730167444413946 0.1570063694267516
2 0.19168954158660445 0.6350367466927977 0.06546527587153446 0.05597256246937776
0 0.37337633818281635 0.6052988731014208 0.014065330771342303 0.03198922097011267
0 0.3498956903650837 0.6024669279764822 0.007032665385671183 0.04089661930426252
0 0.022570683502607738 0.7753674669279765 0.045141367005215476 0.05121509064184222
0 0.3664575898984354 0.624938755512004 0.007941257205599798 0.027535521803037637
0 0.2048215756244853 0.9756197942185203 0.07484216305242931 0.043664870161685396
0 0.3339472961844634 0.7804042136207741 0.051792478726324476 0.12342479176874085
0 0.3466085643700247 0.5520529152376287 0.009527861652484227 0.013767760901518818
0 0.27230167444413944 0.5700734933855953 0.0188498490255284 0.02227339539441452
0 0.27082624210815265 0.5451714845663891 0.01544880592917924 0.01538951494365511
1 0.2977202854790008 0.5413228809407155 0.014743343398298116 0.012552670259676687
0 0.12426297007960473 0.6847158255756982 0.0717375789184738 0.05877021068103873
1 0.2358440845457041 0.8559725624693777 0.0625638210266264 0.026026457618814253
0 0.3528012626955806 0.7008084272415482 0.01607191874828437 0.027986281234688937
0 0.3764946472687346 0.6805169034786869 0.02433708482020315 0.05177364037236652
0 0.3522920669777656 0.959247917687408 0.03109525116662091 0.07640862322390987
0 0.3545662915179797 0.6556785889269966 0.010192149327477383 0.028691817736403696
0 0.3621465824869613 0.5664282214600685 0.019736480922316797 0.023076923076923144
2 0.24485314301399946 0.5789808917197451 0.0288333790831732 0.02389024987751102
1 0.3581732088937688 0.8500930916217541 0.07013724951962667 0.015952964233218982