0 0.4364946472687346 0.6443875551200392 0.008514960197639303 0.036104850563449316
0 0.3837688718089487 0.5936942675159236 0.006626406807576201 0.01720725134737868
0 0.37538155366456216 0.9545884370406663 0.02469667856162504 0.09082312591866727
0 0.18553390063134778 0.8303625673689368 0.22913532802635192 0.3375306222439981
0 0.42078918473785343 0.5718201861832435 0.007079330222344212 0.022836844683978504
0 0.3988622014822948 0.8484321411073004 0.0273318693384573 0.30313571778539933
0 0.44357534998627507 0.8622684958353748 0.019755695855064516 0.1192258696717295
0 0.3973771616799341 0.6315874571288583 0.027765577820477654 0.06365507104360611
0 0.42364809223167715 0.6182263596276335 0.0171506999725501 0.062195002449779546
0 0.36498764754323365 0.6804287114159726 0.028300850947021724 0.17201861832435078
0 0.4383763381828164 0.7048383145516903 0.016983255558605578 0.04450269475747179
0 0.46542547351084274 0.7724277315041647 0.010867416964040604 0.09739833414992649
0 0.34853143013999444 0.796185693287604 0.05566840516058193 0.217623713865752
0 0.17048037331869337 0.7510191082802548 0.02780126269558059 0.03442430181283684
0 0.24245402141092506 0.6586599706026457 0.15292890474883336 0.1351837334639883