0 0.4178520547945206 0.6299804305283756 0.01806575342465755 0.023786692759295555
0 0.460486301369863 0.7484931506849315 0.02538904109589037 0.07472602739726028
0 0.42485753424657535 0.5942465753424657 0.008706849315068486 0.017005870841487275
0 0.39383835616438356 0.5407974559686889 0.01904657534246575 0.035469667318982386
0 0.3325945205479452 0.6427005870841488 0.03385205479452053 0.06633072407045006
0 0.49175479452054793 0.9256751467710371 0.03620547945205482 0.1486497064579256
2 0.4315232876712329 0.549787181996086 0.019320547945205473 0.03595401174168298
0 0.30323835616438355 0.5822113502935421 0.05807123287671231 0.03361056751467713
0 0.41902739726027394 0.677208904109589 0.02198356164383562 0.062274951076320924
0 0.43391369863013696 0.6205332681017612 0.015717808219178113 0.038483365949119414
0 0.43519726027397254 0.5769960861056752 0.0097972602739726 0.01554794520547944