0 0.3986575342465753 0.6451394324853229 0.009873972602739716 0.03626712328767129
0 0.4085082191780822 0.5453449119373777 0.004726027397260274 0.014173189823874768
0 0.42428219178082194 0.9764530332681017 0.012224657534246607 0.04365949119373777
0 0.33659041095890413 0.6888820939334637 0.03526301369863015 0.08144324853228964
0 0.22054246575342465 0.632502446183953 0.015895890410958898 0.012147749510763174
0 0.31190547945205477 0.874858121330724 0.010342465753424658 0.07052837573385512
0 0.42310684931506853 0.671247553816047 0.012695890410958881 0.03442270058708421
0 0.38408082191780823 0.8118860078277886 0.018336986301369818 0.05709882583170245
0 0.39936164383561645 0.9088625244618396 0.03385205479452053 0.1167074363992172
0 0.41172054794520546 0.6150244618395304 0.006613698630136952 0.0610763209393346
0 0.3405876712328767 0.6368224070450098 0.014106849315068495 0.02434931506849314
0 0.43251095890410957 0.8051712328767123 0.038084931506849315 0.08396281800391384
0 0.39924931506849315 0.599332191780822 0.006991780821917803 0.03239236790606655
0 0.32789315068493147 0.8009711350293541 0.016926027397260266 0.06885029354207438
0 0.3469356164383562 0.7518517612524461 0.010813698630136993 0.05457436399217219
0 0.4123821917808219 0.5738576320939336 0.007180821917808229 0.017881604696673166
0 0.35022739726027396 0.9319545009784735 0.02962191780821921 0.1343395303326811
0 0.2930972602739726 0.7610885518590997 0.01598630136986299 0.026032289628180057
1 0.27993287671232875 0.8719178082191781 0.5538876712328766 0.07976516634050879
0 0.16751643835616437 0.6603277886497064 0.018802739726027397 0.015058708414872786
0 0.11861643835616438 0.7288600782778865 0.2001917808219178 0.16384540117416835
0 0.36292191780821914 0.6158317025440313 0.011756164383561604 0.0226712328767124