0 0.29038356164383566 0.6105503913894326 0.04375342465753426 0.03906555772994136
0 0.25665753424657534 0.6422798434442271 0.04749041095890412 0.03190802348336596
0 0.39536438356164383 0.6368248532289629 0.020219178082191768 0.052896281800391444
0 0.19177123287671233 0.6951785714285714 0.0804027397260274 0.08060176125244618
0 0.23983561643835616 0.7936888454011741 0.1553972602739726 0.2889432485322896
0 0.2938041095890411 0.6385029354207435 0.006112328767123273 0.014275929549902184
0 0.41070684931506846 0.5557411937377691 0.008816438356164401 0.012245596868884526
0 0.35634109589041096 0.589853228962818 0.016326027397260315 0.019823874755381596
0 0.4278095890410959 0.6124730919765167 0.006112328767123335 0.014271037181996122
0 0.4098917808219178 0.5779011741682974 0.008490410958904113 0.019246575342465825
0 0.32728082191780816 0.5761521526418788 0.03330684931506848 0.03206947162426612
0 0.33609726027397263 0.5525366927592955 0.039180821917808216 0.017490215264187866
3 0.47095068493150677 0.6574902152641879 0.020898630136986295 0.02565557729941294
0 0.27144520547945206 0.5942270058708414 0.016326027397260284 0.0180724070450097
0 0.33821917808219176 0.6085127201565559 0.004898630136986331 0.011663405088062581
0 0.37664931506849314 0.5601908023483366 0.007747945205479444 0.009109589041095836