0 0.3936315068493151 0.5369667318982387 0.020243835616438385 0.02273972602739727
0 0.09336849315068493 0.7361276908023483 0.1415205479452055 0.11807729941291581
0 0.1914958904109589 0.6547480430528376 0.05880547945205479 0.05072896281800394
0 0.15797945205479452 0.7663502935420744 0.014041095890410958 0.04780821917808221
0 0.11154657534246575 0.8461154598825832 0.07869315068493152 0.11486301369863013
0 0.24325068493150684 0.6063527397260274 0.044764383561643833 0.046061643835616485
1 0.43522191780821917 0.6315557729941292 0.051430136986301375 0.012133072407044988
0 0.036427397260273976 0.9417392367906067 0.07285479452054795 0.07754892367906066
0 0.3311835616438356 0.6040777886497065 0.021627397260273986 0.04282289628180038
0 0.17935205479452054 0.7064872798434442 0.05934520547945206 0.06948140900195694
0 0.23067945205479454 0.6544569471624266 0.04052054794520547 0.05014677103718199