0 0.2647968707109525 0.5814135227829496 0.022626955805654665 0.01763351298383146
2 0.2669132583035959 0.6628564429201371 0.11905846829536097 0.0881626653601175
0 0.36544057095800164 0.5474081332680059 0.011287400494098241 0.04701616854483098
0 0.3085451550919572 0.9294414502694758 0.019802360691737544 0.058775110240078414
0 0.21846280538018117 0.60156295933366 0.053203403788086724 0.056256736893679535
0 0.02397749107878122 0.8316119549240568 0.04795498215756244 0.054600685938265586
0 0.3793645347241285 0.6846864282214602 0.009879220422728523 0.027707006369426728
0 0.40523744166895415 0.7086183243508084 0.011759538841614094 0.036942675159235716
2 0.08298654954707659 0.7522782949534542 0.1124732363436728 0.10747672709456144
1 0.33114740598407905 0.7216315531602155 0.06867965962119134 0.056256736893679535
0 0.40991765028822397 0.6137383635472807 0.0362668130661543 0.05541401273885357
0 0.3066620916826791 0.8215458108770212 0.06496294262970079 0.20067123958843702
0 0.35984216305242933 0.8207079862812348 0.021638759264342555 0.11671239588437042
0 0.3619365907219325 0.6175183733463988 0.022154817458138906 0.07808427241548255
0 0.0150123524567664 0.790061244487996 0.024507274224540215 0.02686428221460076
1 0.4364946472687346 0.6817491425771681 0.044265715069997255 0.04870161685448314
0 0.3304186110348614 0.9651224889759922 0.018394180620367826 0.05961293483586481
0 0.36711089761185833 0.9416144047035767 0.03626955805654683 0.10999020088192063
0 0.24692149327477356 0.6032435080842724 0.022626955805654665 0.029387555120039207
0 0.1290859181992863 0.6657961783439491 0.09930277244029645 0.06884860362567367
0 0.40523744166895415 0.9101298383145517 0.02963491627779304 0.17632043116119545