0 0.36681992863024976 0.612219500244978 0.05446884435904476 0.04700636942675162
1 0.2637922042272852 0.6179495345418913 0.0323003019489432 0.007893189612934786
0 0.050750754872357945 0.774078882900539 0.09762558331045841 0.08226849583537474
0 0.1336810321163876 0.6928809407153357 0.0706286027998902 0.06731014208721209
0 0.2958907493823772 0.5945908868201861 0.026335437825967624 0.08653601175894164
1 0.28299203952786167 0.6854017638412543 0.20057644798243204 0.01389024987751098
1 0.4263766126818556 0.8184149926506614 0.08260225089212189 0.012822146006859419
1 0.23184600603897887 0.6544194022537972 0.11971177600878401 0.00961293483586483
1 0.34227971452099915 0.9706589906908377 0.43515509195717816 0.05021558059774621
1 0.09297831457589899 0.8152106810387065 0.16759813340653307 0.017094561489465886
0 0.35514822948119684 0.7751469867711906 0.05027998902003845 0.03953454189122982