0 0.4352237167169915 0.5904189122978932 0.023288498490255324 0.1431210191082802
0 0.295179796870711 0.6255071043606076 0.04189404337084823 0.03725624693777558
3 0.3298847104035136 0.6104899559039687 0.01063409278067527 0.007966682998530128
0 0.42593466922865764 0.8349804017638413 0.021169365907219358 0.16372856442920142
1 0.2967622838320066 0.6905658990690838 0.030576447982432028 0.014272415482606507
0 0.5094317869887456 0.9248211660950514 0.04045566840516055 0.14357667809897107
0 0.3409964315124897 0.5773542381185693 0.058171836398572624 0.05810877021068111
2 0.1307397749107878 0.7518520333170015 0.09590172934394729 0.05288584027437533
0 0.22175542135602525 0.7673934345908868 0.02497666758166347 0.050377266046055934
3 0.32695717814987646 0.6053552180303773 0.005382926159758476 0.005859872611464986
0 0.35445100192149326 0.6414625183733463 0.030433708482020344 0.05911317981381669
0 0.356553664562174 0.5900073493385595 0.026530332143837522 0.03561489465948067
1 0.11687894592368926 0.8513547280744733 0.09078781224265714 0.03862322390984808
0 0.2727944002195993 0.8097942185203332 0.03862201482294813 0.08480156785889266
1 0.22716442492451275 0.803076923076923 0.05649739225912711 0.010916217540421349
0 0.18788635739774912 0.8034958353748163 0.043793576722481464 0.04702106810387067
0 0.5171932473236344 0.8547133757961783 0.023049684326104804 0.055414012738853456
0 0.45792204227285205 0.7031602155805978 0.026813066154268476 0.07976482116609503
0 0.21044194345319792 0.9609260166585007 0.032456766401317595 0.07136697697207245
0 0.4859113368103212 0.8139906908378246 0.018816909140817996 0.03946594806467427
0 0.05099780400768597 0.8034958353748163 0.06167169914905298 0.04365997060264571
1 0.1982583035959374 0.834140127388535 0.07667581663464176 0.02098971092601673