0 0.14672522646170738 0.7493410093091621 0.045204501784243754 0.04953944145026954
0 0.11520861926983257 0.926920627143557 0.08566291517979686 0.13266536011758942
0 0.3976228383200659 0.5376163645271926 0.007894592368926706 0.022836844683978393
0 0.3486220148229482 0.5509774620284175 0.00843810046664837 0.007775600195982419
0 0.3988622014822948 0.732016168544831 0.01607191874828437 0.05807447329740322
0 0.4455750754872358 0.9275551200391964 0.02531430139994511 0.14488975992160708
0 0.28004666483667306 0.6178956393924547 0.07957727147954985 0.0734688878000979
0 0.3118377710678013 0.6288535031847133 0.02544880592917926 0.04534051935325819
0 0.171651111721109 0.899078882900539 0.10053527312654408 0.19647231749142577
0 0.39527587153444965 0.580110240078393 0.016892670875651924 0.051077902988731015
0 0.3333392808125172 0.5689171974522292 0.015325281361515215 0.013297403233709015
0 0.0665220971726599 0.7959382655560999 0.13223167718912984 0.11922586967172961
0 0.2408070271754049 0.741780989710926 0.10917924787263247 0.14525722684958356
0 0.427674993137524 0.822626163645272 0.018814164150425465 0.08816266536011762