0 0.35017979687071094 0.5753356197942185 0.01862475981334069 0.027535521803037637
1 0.3129769420807027 0.5917148456638903 0.12660719187482844 0.006114649681528671
0 0.04794125720559978 0.8228074473297403 0.08566017018940433 0.11082802547770702
0 0.1934984902552841 0.8415482606565409 0.1885945649190228 0.3052915237628614
1 0.33347653033214386 0.6951837334639882 0.029116113093604217 0.015110240078392904
0 0.40587290694482564 0.5577241548260656 0.007963217128740046 0.022268495835374838
0 0.1638951413670052 0.7350661440470357 0.10118583584957452 0.09823615874571288
0 0.23349162777930277 0.8874571288584027 0.04186659346692286 0.06884860362567367
0 0.3977065605270381 0.5552915237628613 0.009324732363436736 0.02389024987751102
1 0.38289184737853416 0.7115556099951005 0.0319873730441944 0.010911317981381667
0 0.38427944002195985 0.8820014698677119 0.023568487510293685 0.1654042136207742
0 0.4087647543233599 0.7140739833414993 0.03951139171012897 0.19899559039686432