0 0.44167032665385675 0.6834272415482606 0.019805105682130075 0.033586477217050555
0 0.5482157562448532 0.9747819696227339 0.04003293988471044 0.036942675159235716
0 0.2840612132857535 0.6758721215090642 0.09314026900905849 0.14441450269475747
0 0.027948119681581115 0.9025722684958354 0.04944002195992314 0.02350808427241549
0 0.459779028273401 0.694343459088682 0.01171287400494094 0.015115139637432587
0 0.41934943727696955 0.6221362077413034 0.014581388965138591 0.040303772660460556
2 0.16622152072467744 0.8744341009309162 0.25542410101564644 0.25107300342969135
0 0.24527587153444963 0.67796913277805 0.10494647268734561 0.14525722684958356
0 0.49696541312105413 0.9172660460558549 0.04751303870436451 0.16204801567858892
0 0.0408852594015921 0.7338045075943165 0.07907493823771616 0.06213130818226357
2 0.39370848202031294 0.7522758451739343 0.046104858632994794 0.12090641842234198
0 0.33510019214932746 0.5595835374816267 0.011759538841614094 0.07976482116609503
0 0.1455256656601702 0.7207912787849093 0.0954927257754598 0.06297403233708976
0 0.08133955531155641 0.7405242528172464 0.06966785616250344 0.05037726604605582
0 0.3786590721932473 0.5965262126408624 0.014111995608015394 0.02771190592846641