0 0.2496054794520548 0.6418615459882584 0.06347397260273974 0.07136497064579263
1 0.4321767123287671 0.6763820939334638 0.08786575342465755 0.013409980430528415
0 0.32036986301369863 0.8324584148727985 0.06394520547945201 0.3249363992172212
0 0.1623849315068493 0.65823385518591 0.060183561643835606 0.03526418786692756
0 0.01686027397260274 0.7715826810176125 0.02774246575342466 0.028546966731898195
0 0.11183835616438358 0.6939187866927592 0.03526575342465753 0.031066536203522503
0 0.30009863013698634 0.5932950097847359 0.00786849315068494 0.009329745596868853
0 0.14381232876712327 0.7220450097847358 0.08792602739726027 0.08396281800391395
0 0.38313972602739726 0.6330454990215264 0.023041095890410934 0.06885029354207438
0 0.3739712328767123 0.7186863992172211 0.02633150684931504 0.09907534246575342
0 0.39103424657534247 0.5256555772994129 0.011460273972602781 0.020988258317025485
0 0.33565068493150685 0.6338845401174168 0.016457534246575388 0.0570939334637965
0 0.06387945205479452 0.7317025440313111 0.06629589041095889 0.052896281800391444
0 0.0619986301369863 0.7921550880626222 0.07287945205479451 0.06129647749510762