0 0.3362626955805655 0.6178368446839785 0.0386576996980511 0.06219010289073987
0 0.13218226736206423 0.7342552670259677 0.07212736755421355 0.060171484566388996
0 0.3785877024430415 0.6861146496815287 0.007573428493000252 0.015952964233219093
0 0.01807438923963766 0.8075943165115139 0.03614877847927532 0.02720235178833904
0 0.3559072193247324 0.9299265066144047 0.04552841065056269 0.14014698677119058
0 0.27916689541586603 0.5964086232239099 0.0587784792753225 0.05089661930426267
0 0.4017293439472962 0.6450269475747182 0.016909140818007113 0.13101420872121514
0 0.21783557507548726 0.6513400293973542 0.040376063683777115 0.03428221460068584
0 0.15634641778753772 0.9635913767760902 0.02357397749107878 0.06529152376286133
0 0.5384298654954708 0.8817001469867711 0.06527587153444968 0.22582067613914752
0 0.288081251715619 0.9416144047035767 0.023096349162777925 0.056251837334639856
0 0.2570354103760637 0.7745271925526702 0.11435629975295088 0.178843704066634
0 0.39773538292615973 0.5567123958843704 0.008701619544331607 0.020244977951984402