0 0.3270724677463629 0.5989024987751103 0.027216579741970864 0.026722195002449874
0 0.25080290968981606 0.9778882900538951 0.03387043645347241 0.03442430181283684
2 0.4381196815811145 0.5964747672709456 0.02881141916003295 0.03320431161195492
2 0.4313972001097996 0.816859382655561 0.11006313477902828 0.3645369916707496
1 0.2507754597858908 0.9333072023517884 0.04237441668954159 0.036932876041156235
1 0.2650494098270656 0.8589955903968644 0.039234147680483104 0.02098971092601673
1 0.37482706560527035 0.6223860852523273 0.1835273126544057 0.01782459578637928
0 0.2381677189129838 0.6779911807937286 0.08904474334339826 0.08745712885840275
0 0.2928218501235246 0.7766315531602156 0.07013450452923414 0.13267515923566878
0 0.5241092506176228 0.8547966682998529 0.03575075487235795 0.1419010289073984
0 0.36205188031841884 0.5661587457128858 0.06427395004117482 0.026653601175894215
0 0.269567664013176 0.6197574718275355 0.02699698051056822 0.015791278784909366
0 0.39660719187482846 0.6059897109260167 0.008394180620367871 0.016604605585497242
0 0.0778575349986275 0.9554679078882902 0.12658523195168817 0.08228319451249379
0 0.2001605819379632 0.8685448309652132 0.11248147131485042 0.12170504654581092
0 0.1873812791655229 0.6897084762371387 0.11003568487510293 0.09535031847133753
0 0.4021301125446061 0.5572170504654581 0.037430688992588564 0.03104360607545327
0 0.09336673071644248 0.8165090641842234 0.18673346143288497 0.16876531112199905