2 0.40613561643835616 0.5619251467710372 0.030041095890410985 0.06880136986301376
0 0.2825191780821918 0.6515166340508807 0.05595342465753422 0.08564579256360076
0 0.40362876712328766 0.8877470645792563 0.02198082191780816 0.21830234833659493
0 0.4273534246575343 0.8298238747553816 0.03487123287671232 0.34035225048923684
0 0.3728698630136986 0.8228277886497065 0.031778082191780826 0.3543444227005871
0 0.1423986301369863 0.9659686888454012 0.035257534246575344 0.06295499021526423
0 0.3255410958904109 0.6015582191780822 0.016928767123287662 0.02938845401174165
0 0.4870520547945206 0.9395107632093934 0.02209863013698626 0.05205479452054788
0 0.4149520547945206 0.6289774951076321 0.023509589041095874 0.06181017612524458
2 0.33152602739726034 0.5645474559686888 0.041468493150684904 0.03439823874755379
0 0.38932602739726024 0.6208194716242661 0.0153205479452055 0.05249021526418785
0 0.23385342465753425 0.7350611545988259 0.02633150684931507 0.056257338551859104
0 0.16661643835616438 0.8425318003913894 0.07616986301369863 0.1620499021526419
0 0.3300561643835616 0.5837891389432485 0.10906027397260275 0.02157045009784732