1 0.37961369863013705 0.8202837573385517 0.019747945205479494 0.018473581213307236
0 0.46899178082191784 0.7408683953033268 0.01665205479452054 0.036149706457925576
0 0.30796575342465754 0.6901614481409002 0.014972602739726053 0.022837573385518624
0 0.12359041095890412 0.9231360078277886 0.03243561643835616 0.15029354207436402
0 0.41122465753424653 0.8036179060665362 0.009249315068493148 0.03206947162426612
2 0.26809863013698626 0.6848189823874755 0.08380821917808219 0.1025244618395303
0 0.31307808219178085 0.8731775929549903 0.03619999999999997 0.10915362035225044
0 0.08057123287671232 0.7980308219178082 0.014106849315068495 0.02434931506849314
0 0.1503958904109589 0.8253131115459883 0.0174 0.09573385518591002
1 0.42850273972602737 0.7975464774951077 0.03782191780821917 0.018948140900195705
0 0.21927808219178083 0.9516854207436398 0.032912328767123286 0.08648238747553827
1 0.4097123287671233 0.70646771037182 0.09341917808219179 0.0303228962818004
0 0.32883287671232875 0.9579818982387476 0.013167123287671218 0.07892857142857139
0 0.2759356164383562 0.7762035225048923 0.01833698630136988 0.03946183953033272