2 0.5100931506849316 0.8198630136986302 0.11143561643835617 0.34844422700587085
0 0.374927397260274 0.6193468688845402 0.01802465753424663 0.030787671232876745
1 0.35513972602739724 0.5987035225048923 0.14380273972602742 0.02309197651663396
0 0.25477808219178083 0.6494178082191782 0.07193972602739727 0.056252446183953045
0 0.2975643835616439 0.6326272015655577 0.041846575342465754 0.031066536203522503
0 0.05612054794520548 0.952945205479452 0.044197260273972604 0.07556751467710374
0 0.4079 0.6381898238747554 0.008161643835616428 0.06181017612524469
0 0.14475205479452055 0.8320376712328766 0.09074794520547946 0.1427348336594912
0 0.10878356164383561 0.7841780821917809 0.034794520547945205 0.053737769080234796
0 0.16543972602739726 0.68720156555773 0.01363561643835616 0.019315068493150695
0 0.35916027397260275 0.7115508806262232 0.05595342465753425 0.13014677103718197
0 0.4103876712328767 0.5878595890410959 0.019197260273972585 0.0251908023483366
0 0.34669589041095894 0.5969545009784736 0.020416438356164378 0.04198140900195692
0 0.03778219178082192 0.871920254403131 0.07052876712328768 0.1200636007827789
2 0.449368493150685 0.6037891389432485 0.05126301369863011 0.08629647749510758
0 0.2427876712328767 0.8072676125244618 0.0460794520547945 0.06969178082191783
0 0.3796095890410958 0.5836619373776909 0.017279452054794503 0.02659001956947169
0 0.43842876712328765 0.6574315068493151 0.012408219178082243 0.02681996086105672
0 0.16144520547945207 0.7140704500978473 0.01598630136986302 0.02267123287671229
0 0.1471027397260274 0.9222969667318983 0.061597260273972616 0.13182485322896284