0 0.5043123799066703 0.7782655560999511 0.07487235794674718 0.08676139147476723
0 0.12776557782047762 0.7885595296423322 0.22423826516607193 0.23179813816756487
1 0.3137180894866867 0.7443018128368446 0.301106231128191 0.03946104850563459
1 0.3205654680208619 0.6191474767270946 0.10798243206148779 0.03522782949534546
0 0.38026351907768324 0.8618079372856443 0.05341751303870434 0.2721705046545811
0 0.40983255558605547 0.569140127388535 0.022459511391710173 0.051019108280254834
0 0.20249245127642054 0.7833439490445859 0.24884435904474334 0.3224154826065654
0 0.4196390337633818 0.7649706026457619 0.0552703815536646 0.07556589906908379
0 0.3933859456491902 0.6523517883390494 0.036297007960472145 0.10082312591866731
0 0.44828575349986277 0.6974987751102399 0.04491078781224269 0.11418422341989219
0 0.3774553939061214 0.5746962273395394 0.028751029371397202 0.06128858402743749
0 0.41833790831732093 0.6319034786869182 0.014518254186110377 0.04292503674669275
0 0.36120505078232223 0.692251347378736 0.030101564644523765 0.06802057814796665