0 0.23916003293988472 0.6414478196962274 0.06637386769146307 0.07052915237628615
0 0.3673675542135603 0.6024081332680059 0.021641504254735086 0.04616854483096522
0 0.229022783420258 0.7212126408623223 0.07620642327751853 0.08563939245467918
0 0.07193247323634368 0.9059309162175405 0.10071369750205873 0.10075943165115132
0 0.20834888827889103 0.834982851543361 0.0762530881141916 0.13853993140617343
0 0.34267911062311285 0.5906491915727584 0.030590172934394682 0.06464968152866245
0 0.17048174581388967 0.811891229789319 0.04661817183639858 0.062136207741303254
0 0.06605133132034038 0.818187163155316 0.12564644523744167 0.0663302302792748
0 0.1497845182541861 0.7291891229789319 0.11341476804831184 0.09991670749632536
0 0.11614877847927532 0.9445541401273886 0.1129453746911886 0.09403723664870164
0 0.4029810595662915 0.6766046055854973 0.01179796870710953 0.01741303282704555
2 0.47530469393357117 0.8526139147476727 0.07013724951962667 0.027707006369426728
2 0.3489925885259402 0.8484149926506614 0.2013944551194071 0.19731014208721218