0 0.15730990941531703 0.703579127878491 0.04567664013175953 0.04281724644781974
0 0.3471191325830359 0.60828025477707 0.007573428493000252 0.02098971092601673
0 0.2972550096074664 0.713655071043606 0.016980510568212984 0.02350808427241549
0 0.22340241559154544 0.7506001959823615 0.1072989294537469 0.1427388535031848
0 0.42144249245127646 0.8891376776090152 0.02451001921493274 0.21998040176384126
2 0.08557233049684326 0.8270063694267517 0.17033214383749656 0.20487016168544836
0 0.31089761185835846 0.6439637432631062 0.041443864946472696 0.058775110240078414
1 0.25612681855613506 0.9382557569818717 0.5122536371122701 0.12174424301812838
0 0.21940296458962394 0.6431283684468397 0.057905572330496854 0.07052915237628604
1 0.26161817183639857 0.5720406663400294 0.02205050782322263 0.021131798138167505
0 0.3226530332143837 0.7816609505144536 0.09790008234971177 0.25020088192062717
0 0.35534998627504805 0.8391817736403724 0.042854790008234944 0.13853993140617343
0 0.43296733461432885 0.6901445369916708 0.058753774361789725 0.18471827535521804