0 0.21481095890410956 0.7606678082191781 0.05783561643835617 0.0822847358121331
0 0.3164890410958904 0.6770841487279844 0.01733972602739725 0.03381604696673184
0 0.40649726027397265 0.6730503913894325 0.01796438356164382 0.041961839530332674
0 0.36936986301369856 0.6689163405088062 0.012405479452054786 0.0349853228962818
0 0.3234643835616438 0.5887720156555772 0.05767397260273972 0.10210371819960863
0 0.2980739726027397 0.6602299412915851 0.026482191780821878 0.0384833659491193
0 0.12359315068493151 0.9080234833659491 0.11989863013698629 0.16876712328767124
1 0.25247260273972605 0.7021453033268101 0.2853835616438356 0.024476516634050868
0 0.3691205479452055 0.5299804305283758 0.00334246575342467 0.007729941291585105
2 0.40359315068493146 0.8425342465753424 0.08698356164383562 0.3098238747553816
0 0.3875082191780822 0.6243126223091977 0.019624657534246606 0.09037671232876714