0 0.4567224814713149 0.9693214110730034 0.014158660444688486 0.051215090641842334
0 0.42474197090310184 0.6426163645271925 0.022868514960197626 0.06822146006859384
0 0.4647433433982981 0.6497599216070553 0.04327751852868517 0.09656050955414021
0 0.42944551194070824 0.5860607545320922 0.007515783694757098 0.02565409113179809
0 0.311712874004941 0.6907202351788339 0.012412846555037065 0.04547770700636951
0 0.2234531979138073 0.6533561979421852 0.03566291517979686 0.03352278294953458
0 0.3842190502333242 0.7148015678588926 0.01963217128740049 0.044899559039686475
0 0.1610060389788636 0.7101347378735914 0.0918995333516333 0.08138657520823132
0 0.40911199560801537 0.594857912787849 0.005646445237441714 0.019916707496325375
0 0.0497227559703541 0.7809921607055366 0.08698874553939061 0.07556589906908368
0 0.2744949217677738 0.6101126898579128 0.01687894592368927 0.019921607055364946