0 0.38613368103211637 0.5570137187653111 0.01607740872906943 0.022268495835374727
0 0.3548805929179248 0.9374154826065654 0.045676640131759504 0.09487996080352762
0 0.4195841339555312 0.6502621264086232 0.05832830085094702 0.09991670749632536
0 0.4786192698325556 0.7346447819696227 0.05033214383749654 0.09068103870651649
0 0.353060664287675 0.5158182263596276 0.01291792478726323 0.01715335619794218
0 0.3482322261872084 0.5298530132288093 0.005671150150974494 0.007760901518863262
2 0.20838869063958276 0.6287996080352769 0.06239363162228931 0.0787163155316022
0 0.4548641229755696 0.7384247917687408 0.03668954158660447 0.08815776580107783
0 0.2801413670052155 0.5269034786869182 0.0076118583584957504 0.016168544830965213
2 0.39982020312928906 0.7862836844683979 0.09785616250343124 0.19899559039686432
0 0.3733735931924238 0.5398628123468887 0.002536371122701073 0.005624693777560029
0 0.3310307438923964 0.5198971092601666 0.021172110897611826 0.017550220480156756
0 0.43602525391161134 0.9432925036746693 0.02921218775734287 0.11167074963253311
0 0.35589074938237714 0.514985301322881 0.004715893494372725 0.006482116609505153
0 0.5705613505352732 0.8790641842234199 0.1148256931100741 0.17296423321901028
0 0.3659099643151249 0.5322121509064184 0.006994235520175684 0.010460558549730591
0 0.38945237441668956 0.5836697697207252 0.026832281087016196 0.025644292013718838
0 0.30987647543233604 0.516592356687898 0.006955805654680186 0.014762371386575261
0 0.3648682404611584 0.5794536991670749 0.021929728245951168 0.07862322390984813