0 0.2557178082191781 0.8370768101761253 0.1979506849315069 0.12594422700587088
0 0.47615616438356156 0.7231800391389431 0.01375342465753426 0.06157534246575338
1 0.3786095890410959 0.6463527397260274 0.12224931506849317 0.02168786692759292
0 0.3937191780821918 0.6074363992172211 0.03761369863013698 0.046183953033268034
0 0.4483876712328767 0.6436692759295498 0.017958904109589093 0.0483953033268101
0 0.16645205479452055 0.9340264187866928 0.07980821917808222 0.13106653620352243
0 0.2741698630136986 0.6217245596868884 0.0791890410958904 0.053175146771037206
0 0.43336849315068493 0.760288649706458 0.0297123287671233 0.09970645792563598
0 0.5159219178082192 0.8155283757338552 0.016484931506849335 0.12872798434442265
0 0.4704287671232877 0.5556262230919764 0.011104109589041088 0.040234833659491195
1 0.47752739726027393 0.699043542074364 0.11836986301369862 0.0161007827788649
0 0.4839917808219178 0.6560078277886497 0.006701369863013709 0.06577299412915842