0 0.0740488608289871 0.9034125428711416 0.14258029096898162 0.1796815286624204
1 0.4177024430414494 0.7736036256736893 0.04939335712325008 0.028549730524252807
1 0.26503293988471044 0.6998015678588927 0.04661817183639858 0.010911317981381667
0 0.30078232226187207 0.7454777070063694 0.018863573977491024 0.07808917197452235
2 0.4884422179522372 0.8619500244977951 0.12346692286576996 0.23579617834394903
1 0.17803184188855337 0.708625673689368 0.12183914356299753 0.015095541401273858
2 0.4362832830085095 0.6003062224399803 0.0343398298105957 0.09236158745712886
2 0.3633763381828164 0.6056516413522783 0.05001372495196268 0.045482606565409076
0 0.22977491078781223 0.6594977951984321 0.09549272577545978 0.07304752572268491
0 0.08983804556684051 0.7867050465458109 0.17967609113368102 0.1343410093091622
0 0.28337771067801265 0.653201861832435 0.07954707658523194 0.08396374326310627
0 0.20834477079330221 0.7396815286624204 0.07060115289596487 0.08396864282214606