1 0.4473428493000275 0.764453699167075 0.06114191600329399 0.07472807447329739
2 0.3492574800988197 0.665796178343949 0.06914905297831453 0.09571778539931401
0 0.2275569585506451 0.5537506124448799 0.015432335986824053 0.009304262616364531
1 0.2843700247049135 0.5715727584517393 0.036546802086192695 0.007692307692307714
2 0.2419695306066429 0.5790029397354237 0.04801811693659074 0.030901518863302273
0 0.30499725500960745 0.8081038706516415 0.03244853143014 0.1066536011758942
1 0.24619269832555585 0.7048383145516902 0.09737578918473785 0.04114159725624695
1 0.23445649190227835 0.6545541401273887 0.056966785616250334 0.014458598726114645
0 0.15519214932747735 0.6670553650171485 0.09977216579741971 0.10159725624693784
1 0.37745951139171013 0.7098775110240079 0.15198737304419435 0.05121999020088201
0 0.37063958276146036 0.8219671729544341 0.03956080153719459 0.07556589906908379
1 0.342633818281636 0.5923566878980892 0.019305517430689034 0.014581087702106917
1 0.15378671424650014 0.7846153846153847 0.30109525116662095 0.10161685448309646
0 0.1832006587976942 0.9258696717295444 0.07466373867691463 0.14826065654091128
0 0.4068597309909415 0.9239808917197453 0.030150974471589327 0.1502939735423812