0 0.42639726027397257 0.6800636007827788 0.017397260273972603 0.06548923679060671
1 0.08198082191780823 0.8740190802348337 0.1608054794520548 0.020151663405087977
0 0.460486301369863 0.8135665362035224 0.04795890410958903 0.18975538160469663
0 0.43250958904109593 0.9823312133072407 0.009873972602739716 0.028546966731898195
0 0.20775890410958903 0.871920254403131 0.039967123287671234 0.07304794520547943
0 0.40617945205479455 0.6527764187866928 0.01363561643835616 0.027705479452054736
0 0.4052397260273973 0.8610029354207436 0.0230383561643836 0.24769080234833657
0 0.14005068493150685 0.9155821917808218 0.09544931506849315 0.16372798434442273
1 0.5183205479452054 0.9579818982387476 0.06770958904109592 0.050376712328767025
0 0.3878424657534247 0.6044985322896282 0.015515068493150715 0.060454990215264265
1 0.3050876712328768 0.8916511741682974 0.18854794520547946 0.02686399217221139
0 0.3079095890410959 0.6918199608610567 0.03150136986301364 0.04534246575342469
1 0.5211424657534247 0.8941707436399217 0.039495890410958925 0.04533757338551863
0 0.2665315068493151 0.6057583170254404 0.017397260273972603 0.01763209393346378
0 0.34505479452054794 0.8236399217221135 0.023978082191780818 0.10243639921722118
1 0.49457534246575346 0.8093688845401174 0.054071232876712366 0.030225048923679047
0 0.02062054794520548 0.8034907045009785 0.031504109589041096 0.03694227005870841
0 0.09984657534246576 0.7615117416829745 0.032909589041095894 0.035254403131115435
0 0.23103287671232875 0.6326247553816047 0.03385205479452053 0.03610078277886495
0 0.283458904109589 0.6758683953033268 0.030561643835616457 0.05541585127201565
0 0.31966438356164384 0.6141536203522504 0.021158904109589045 0.029383561643835588
0 0.23808630136986303 0.9168419765166341 0.053602739726027394 0.16120841487279844
0 0.3582191780821918 0.6981164383561643 0.017397260273972603 0.08480430528375729
0 0.4405041095890411 0.6783855185909979 0.019276712328767095 0.048698630136986394
1 0.07492876712328768 0.8236399217221135 0.1485808219178082 0.03526418786692756
1 0.44873287671232875 0.9563038160469667 0.07052876712328762 0.03358610567514682
0 0.408295890410959 0.6909784735812133 0.01786849315068494 0.040303326810176066
0 0.3062630136986302 0.7476541095890411 0.025391780821917825 0.04113992172211346
1 0.06027397260273973 0.9411815068493151 0.12054794520547946 0.02517123287671235