0 0.6156958550645073 0.9471582557569819 0.06303595937414228 0.09068103870651649
0 0.2031265440570958 0.6595835374816267 0.11858907493823771 0.10159725624693784
0 0.3756437002470491 0.6515384615384615 0.009799615701345058 0.024487996080352778
0 0.5705380181169366 0.9433782459578638 0.050804282185012394 0.10159235668789804
0 0.20002470491353283 0.6799363057324841 0.13328026351907768 0.11719745222929927
0 0.36484765303321437 0.5906075453209212 0.009179247872632398 0.022743753062224436
0 0.1708893768871809 0.8532092111709947 0.15506450727422452 0.28554630083292504
0 0.33526626406807575 0.6382459578637922 0.024175130387043692 0.0396472317491425
0 0.293631622289322 0.6751518863302304 0.017672248147131513 0.032067613914747696
0 0.32824320614877844 0.5907226849583538 0.009475706835026073 0.018074473297403172
0 0.5465468020861927 0.8795663890249878 0.08185012352456762 0.10662910338069569
0 0.06953335163326928 0.8031602155805977 0.13646445237441668 0.1335031847133758
0 0.32481334065330775 0.6134639882410583 0.018948668679659615 0.03323860852523269
0 0.2847954982157562 0.6038412542871142 0.020581937963217133 0.026820186183243513
0 0.5338402415591545 0.7960240078392944 0.038583584957452635 0.10747182753552176
0 0.4461117211089761 0.8480769230769232 0.11337633818281635 0.2905095541401274
2 0.41367965962119135 0.6238020578147967 0.06251715618995334 0.11584517393434593