0 0.3965342465753424 0.599041095890411 0.014109589041095891 0.05457925636007825
0 0.362686301369863 0.86478228962818 0.04419999999999998 0.17968199608610566
0 0.4529643835616438 0.6120547945205479 0.007523287671232887 0.03358121330724064
0 0.4120575342465753 0.5725905088062623 0.01692602739726033 0.060454990215264265
0 0.17625479452054793 0.9147407045009784 0.06347397260273971 0.10663405088062625
0 0.4031232876712329 0.7283512720156555 0.03665753424657533 0.1670743639921722
0 0.47177260273972604 0.6343052837573385 0.015046575342465774 0.042818003913894315
0 0.4289835616438356 0.6909784735812133 0.013167123287671218 0.018473581213307236
0 0.3295383561643836 0.6225489236790607 0.03620547945205482 0.056252446183953045
0 0.26323972602739726 0.740518590998043 0.05595342465753425 0.09235812133072406
1 0.3081438356164383 0.9751932485322896 0.0630054794520548 0.046179060665362086
0 0.3260109589041096 0.7610885518590997 0.02256986301369866 0.04113992172211357
0 0.3746767123287671 0.626328277886497 0.02586301369863016 0.04366438356164384
0 0.45014246575342465 0.8845156555772993 0.020690410958904105 0.17212328767123283
0 0.347172602739726 0.6750220156555773 0.022564383561643808 0.07891878669275938
0 0.4724767123287671 0.7976125244618395 0.019276712328767157 0.03694716242661447
0 0.5810917808219178 0.877795988258317 0.06629863013698631 0.1620499021526419
0 0.3335342465753425 0.8496697651663405 0.015046575342465712 0.0251908023483366