0 0.4162890410958904 0.8908096868884541 0.028210958904109597 0.21494618395303322
0 0.259713698630137 0.7783023483365948 0.013164383561643855 0.01679060665362032
0 0.5110328767123288 0.9164212328767123 0.017397260273972603 0.04953522504892368
0 0.1210068493150685 0.7426149706457925 0.10344383561643837 0.08648238747553816
1 0.26746849315068494 0.7875244618395304 0.5280219178082193 0.021819960861056708
0 0.4162890410958904 0.5423654598825832 0.009405479452054775 0.018468688845401173
0 0.06591095890410958 0.8601663405088062 0.13182191780821917 0.1452544031311155
0 0.23150547945205477 0.654038649706458 0.1156739726027397 0.08899706457925628
0 0.4090013698630137 0.661174168297456 0.025860273972602706 0.07472602739726028
0 0.33235890410958907 0.6578155577299412 0.00705205479452055 0.019310176125244632
0 0.3017972602739726 0.7312818003913893 0.024920547945205488 0.08060665362035224
0 0.36339178082191786 0.8777959882583171 0.010816438356164327 0.032744618395303356
0 0.32718767123287673 0.5835053816046967 0.006112328767123335 0.01511252446183958
0 0.3072041095890411 0.6040777886497065 0.014106849315068495 0.015954011741682924