0 0.42122054794520547 0.6455944227005871 0.023509589041095874 0.04664872798434438
0 0.4045698630136986 0.6890337573385519 0.011101369863013693 0.03790117416829736
1 0.3122205479452055 0.608676614481409 0.23013972602739724 0.01855675146771029
1 0.37334383561643836 0.6188013698630137 0.07615068493150687 0.01653620352250487
0 0.42889726027397257 0.5921453033268101 0.010391780821917825 0.023282778864970717
0 0.22080136986301369 0.7992367906066535 0.046693150684931496 0.06938356164383558
0 0.49974794520547944 0.8370768101761253 0.024920547945205488 0.09571917808219171
0 0.025473972602739727 0.824481409001957 0.050947945205479454 0.08731898238747554
0 0.45126164383561645 0.6919496086105674 0.01893972602739729 0.03790117416829747
1 0.30138767123287674 0.6520083170254403 0.3532958904109589 0.0349853228962818
1 0.20000410958904108 0.6342196673189824 0.0702 0.023918786692759233
0 0.45287671232876714 0.7617416829745597 0.05150684931506849 0.09980430528375733
0 0.4198150684931507 0.9571404109589041 0.021158904109589045 0.07724559686888448
1 0.3478315068493151 0.5793272994129158 0.17365205479452056 0.013165362035224977
0 0.11536849315068494 0.9470792563600783 0.051728767123287674 0.09905088062622311
1 0.25322602739726024 0.6922431506849316 0.3497068493150685 0.054809197651663394