1 0.021060643564356437 0.873896805896806 0.0412450495049505 0.028796068796068865
1 0.22453217821782182 0.6086240786240787 0.07217326732673268 0.005749385749385771
1 0.36353836633663367 0.783004914004914 0.05711633663366337 0.01979852579852578
0 0.3463056930693069 0.6677813267813267 0.009066831683168344 0.012751842751842775
1 0.31201237623762373 0.6361941031941032 0.0766188118811881 0.014098280098280125
0 0.37396534653465346 0.8878452088452088 0.06074257425742576 0.21148402948402953
1 0.07683539603960395 0.6877346437346438 0.02783415841584158 0.011459459459459429
1 0.3046707920792079 0.5987395577395577 0.03780198019801981 0.007798525798525745
1 0.2427846534653465 0.9218427518427519 0.18735148514851485 0.03729729729729734
0 0.34819554455445545 0.5343243243243243 0.0030594059405940907 0.019528255528255534
0 0.04295792079207921 0.7022039312039313 0.08591584158415842 0.08174447174447182
0 0.32382178217821783 0.6068034398034398 0.004222772277227709 0.026039312039312045
0 0.16981064356435646 0.5955184275184275 0.06383415841584159 0.04383292383292386
0 0.38464727722772274 0.6374103194103194 0.05099752475247524 0.11699262899262906
0 0.3536608910891089 0.569914004914005 0.006995049504950493 0.034285012285012274
1 0.144519801980198 0.677051597051597 0.07086138613861385 0.011990171990172035