0 0.30972001097996155 0.7324424301812836 0.0409717265989569 0.07997550220480158
0 0.4039116113093604 0.6068397844194022 0.00499039253362615 0.010935815776580076
0 0.30336261323085373 0.5972684958353749 0.018166346417787554 0.025982361587457117
0 0.3540804282185012 0.6318814306712396 0.009555311556409537 0.028182263596276326
0 0.43265715069997257 0.5961170994610485 0.021778753774361767 0.039358157765801045
0 0.41520861926983255 0.6527731504164624 0.021506999725500936 0.07579617834394907
0 0.44686796596211914 0.898373346398824 0.08185012352456768 0.14609505144536994
0 0.05264479824320615 0.8240666340029398 0.06590447433433982 0.09319941205291525
0 0.46307301674444135 0.6741915727584518 0.017449903925336244 0.04365997060264571
0 0.5997255009607467 0.9533684468397844 0.0648696129563547 0.0814453699167075
0 0.268796321712874 0.8635301322880942 0.02874279440021958 0.07640862322390987
0 0.14249245127642055 0.7522782949534542 0.07719461981883065 0.08731994120529153
0 0.3438704364534724 0.6372243998040176 0.01309360417238541 0.03498775110240082
0 0.44213972001098 0.757733953944145 0.03579741970903104 0.13685938265556108