0 0.586342300301949 0.9424546790788829 0.04374691188580837 0.10663400293973536
0 0.4539006313477903 0.9449730524252817 0.018863573977491086 0.10663400293973548
0 0.4085067252264617 0.7459799118079373 0.02780126269558056 0.29135227829495336
0 0.2113821026626407 0.9386746692797648 0.051273675542135626 0.11586967172954435
2 0.09403925336261323 0.8110509554140127 0.18632720285478999 0.2166242038216561
1 0.2996307987922042 0.876124448799608 0.20885808399670602 0.04449779519843211
0 0.20293713972001096 0.8081210191082803 0.03250068624759813 0.041131798138167475
0 0.4332020312928905 0.7988780009799118 0.016983255558605515 0.08312591866731987
2 0.2737304419434532 0.7128270455658992 0.11199560801537195 0.15951004409603145
0 0.07287125995059018 0.968483586477217 0.04708756519352183 0.05457618814306706
0 0.49788361240735657 0.7380034296913277 0.015569585506450734 0.04869671729544346
0 0.24551056821301126 0.8324620284174424 0.04238539665111171 0.057937285644292014
0 0.3892204227285205 0.7699118079372855 0.012747735382926175 0.07220970112689852
1 0.49012215207246773 0.8773836354728074 0.15339829810595662 0.036942675159235716