0 0.383017808219178 0.5639065557729941 0.024490410958904137 0.04373287671232871
0 0.4101767123287671 0.8379231898238748 0.01598630136986299 0.08563111545988257
0 0.39069178082191786 0.6580724070450097 0.00914246575342469 0.015156555772994138
1 0.1910958904109589 0.8730430528375733 0.37616438356164383 0.09540117416829745
0 0.39277945205479453 0.8920694716242661 0.017865753424657543 0.21242661448140904
1 0.47435753424657534 0.8895523483365949 0.18760821917808218 0.03778375733855176
0 0.3926520547945206 0.6082216242661448 0.014367123287671249 0.012245596868884526
0 0.38220273972602736 0.6799388454011742 0.006531506849315108 0.018077299412915873
0 0.4053849315068493 0.6099706457925637 0.006528767123287651 0.03556751467710374
0 0.41158219178082195 0.7060909980430529 0.025383561643835578 0.15449119373776918
0 0.23244383561643833 0.6149951076320939 0.113786301369863 0.09319960861056752
0 0.3833767123287671 0.7086179060665362 0.013164383561643823 0.03357632093933469
0 0.09114931506849315 0.7279231898238747 0.18008493150684934 0.136022504892368