0 0.3043835616438356 0.6737671232876713 0.030093150684931548 0.05457925636007825
3 0.4611917808219178 0.6048923679060666 0.034821917808219215 0.017123287671232876
2 0.41887260273972604 0.5655430528375733 0.02361917808219179 0.03632093933463797
3 0.444186301369863 0.5839579256360079 0.016849315068493152 0.009559686888454105
0 0.219513698630137 0.9374119373776908 0.028682191780821934 0.12006849315068496
2 0.4246575342465753 0.5381873776908024 0.013123287671232902 0.01972113502935418
1 0.36543561643835615 0.612727495107632 0.17159452054794522 0.008772015655577331
3 0.5447219178082192 0.5774902152641878 0.06678082191780828 0.024745596868884615
0 0.41667397260273975 0.5995009784735813 0.009841095890410916 0.031438356164383556
1 0.34877260273972605 0.7806922700587084 0.20574794520547945 0.015396281800391402
0 0.4484931506849315 0.7240802348336595 0.019463013698630127 0.07558708414872799
0 0.42761232876712324 0.6589554794520548 0.02192054794520548 0.05803816046966737
1 0.36429999999999996 0.6247064579256361 0.1768849315068493 0.010459882583170196
0 0.19647397260273972 0.8458928571428572 0.017397260273972603 0.06800880626223091
0 0.49635616438356167 0.9481898238747554 0.0431232876712329 0.09931506849315068
0 0.2608904109589041 0.7434589041095891 0.04936986301369861 0.06633072407045017
0 0.15744794520547944 0.9424486301369863 0.0662986301369863 0.1049559686888455
1 0.0873972602739726 0.7725880626223093 0.1747945205479452 0.02390410958904105