0 0.04606093878671425 0.8114796668299853 0.0921218775734285 0.09821656050955416
0 0.35772303046939335 0.5759431651151397 0.01678561625034315 0.031180793728564367
0 0.2259881965413121 0.64984321411073 0.052168542410101555 0.04366487016168551
0 0.3233612407356575 0.6250857422831945 0.018394180620367826 0.02773150416462514
2 0.41592094427669496 0.5443116119549241 0.0356080153719462 0.03440470357667811
0 0.43299066703266537 0.6809088682018619 0.030576447982432028 0.10243508084272412
0 0.3790694482569311 0.5473566878980892 0.009300027449903955 0.027942185203331686
2 0.28337908317320887 0.6036648701616855 0.06637386769146307 0.04534051935325819
0 0.42425199011803455 0.5740494855463009 0.014372769695306101 0.02507104360607549
0 0.19917513038704365 0.8488339049485546 0.1651578369475707 0.28715335619794213
0 0.4689774910787813 0.6950146986771191 0.020227834202580244 0.06213130818226368
0 0.44352456766401316 0.5944561489465948 0.004573153993960981 0.023904948554630066
1 0.1022906944825693 0.8861954924056834 0.10867142465001374 0.041131798138167586
2 0.14672522646170738 0.7212126408623223 0.11576722481471315 0.0973983341499266