0 0.2862009332967335 0.8614306712395884 0.09459785890749382 0.27204311611954923
0 0.3474512764205325 0.6584762371386575 0.008270656052703784 0.024487996080352778
1 0.36852182267362066 0.7535399314061734 0.07295909964315124 0.0159480646741793
0 0.41918199286302493 0.5579250367466928 0.01524567664013175 0.023806957373836316
0 0.40829536096623664 0.8908182263596276 0.04327751852868517 0.21326800587947084
0 0.13356299752950865 0.7312885840274375 0.2671259950590173 0.22837824595786374
0 0.41979549821575624 0.6826163645271924 0.017246774636288754 0.07557079862812348
0 0.3653074389239638 0.6192944634982852 0.009407082075212733 0.02588926996570316
0 0.37745951139171013 0.6385080842724156 0.014628053801811683 0.031068103870651682
0 0.3866648366730716 0.6021509064184224 0.008245951139171065 0.023792258696717267
0 0.43292890474883333 0.6108966193042625 0.01842437551468573 0.05387555120039198
0 0.34486549547076584 0.574203821656051 0.025042547351084275 0.022351788339049432
0 0.35934943727696955 0.6939245467907889 0.014065330771342303 0.06296913277804997