0 0.2441972602739726 0.8211227984344422 0.12413150684931505 0.3560029354207437
0 0.2672369863013699 0.8723385518590998 0.07052876712328769 0.24853228962818003
0 0.3189575342465753 0.5713331702544031 0.01598630136986299 0.03778375733855187
0 0.2643712328767123 0.6337010763209394 0.006802739726027409 0.015063600782778847
0 0.4101808219178082 0.9118028375733854 0.010334246575342473 0.09403620352250491
2 0.08824520547945207 0.8349779843444228 0.17649041095890414 0.21914383561643838
1 0.25081369863013697 0.7016609589041096 0.07235616438356166 0.05263698630136982
0 0.27873698630136984 0.6318542074363992 0.01197260273972604 0.022348336594911856
2 0.1786054794520548 0.6934980430528376 0.06253698630136986 0.062133072407045006
1 0.3923082191780822 0.8920719178082192 0.023509589041095874 0.027705479452054847
0 0.31508630136986304 0.685141878669276 0.016101369863013693 0.08584148727984346