0 0.09945511940708207 0.9297084762371386 0.0948915728794949 0.1340078392944635
1 0.32515097447158936 0.6508010779029887 0.06408729069448257 0.02500244977951983
1 0.3585863299478452 0.7108868201861833 0.1208674169640406 0.024781969622733917
0 0.019928630249794126 0.878640372366487 0.0390447433433983 0.07304752572268491
0 0.053562997529508646 0.806014208721215 0.0715015097447159 0.06716805487506121
0 0.16836398572604994 0.7791474767270946 0.08472138347515783 0.08564429201371886
2 0.17315673895141365 0.7056810387065164 0.06148229481196813 0.05506614404703582
0 0.2493343398298106 0.6398530132288094 0.036884435904474336 0.026653601175894215
1 0.2747845182541861 0.7328098971092601 0.038792204227285215 0.019436550710436096
2 0.4455339006313478 0.7027217050465459 0.04464452374416692 0.0685105340519354
3 0.22034449629426298 0.6655438510534052 0.03528136151523469 0.025188633023027856
0 0.1269681581114466 0.7657006369426752 0.06684326104858632 0.0453650171484566