0 0.49461295635465274 0.8114723174914258 0.020227834202580307 0.031068103870651682
1 0.2364081800713697 0.9814698677119058 0.17216854241010154 0.03706026457618819
0 0.44486412297556954 0.6597011268985792 0.011759538841614032 0.03498285154336114
0 0.5145855064507274 0.7157422831945125 0.043225363711226955 0.1049779519843214
0 0.44486961295635463 0.5550097991180795 0.007054625308811431 0.009314061734443895
0 0.10556546802086193 0.8244879960803527 0.0927175404886083 0.12762371386575208
0 0.559058468295361 0.9634443900048995 0.023991216030743855 0.07136697697207256
0 0.47277244029645893 0.5815335619794217 0.014312379906670353 0.022675159235668776
0 0.4277930277244029 0.7812444879960804 0.02780126269558056 0.07472807447329739
0 0.25915179796870713 0.7325453209211171 0.06307987922042271 0.06464968152866234
0 0.38175816634641774 0.89031357177854 0.04609113368103214 0.10663400293973548
0 0.3624059840790557 0.9731014208721215 0.017449903925336244 0.04870161685448303
0 0.1677175404886083 0.7145222929936307 0.1015673895141367 0.06926996570308666
0 0.4122934394729619 0.7170210681038707 0.023049684326104866 0.05540421362077409
0 0.428858083996706 0.6285080842724156 0.021559154542959088 0.019240568348848595
0 0.6117444413944552 0.9239808917197453 0.032459511391710126 0.036104850563449316
0 0.523991216030744 0.8530328270455659 0.029118858083996748 0.13098481136697704
1 0.47232912434806484 0.5641205291523762 0.013837496568762032 0.011337579617834444
1 0.20438237716167995 0.8811611954924057 0.4087647543233599 0.14693777560019602
1 0.5762105407631074 0.9004630083292503 0.07342025802909684 0.015928466438020573