0 0.41816849315068494 0.7879574363992172 0.04795890410958903 0.2661594911937378
0 0.46354246575342467 0.8601663405088061 0.037145205479452034 0.27455968688845406
0 0.384786301369863 0.8631042074363992 0.030093150684931548 0.05373287671232873
1 0.3438780821917808 0.710291095890411 0.2764739726027397 0.023507827788649686
0 0.22421917808219177 0.683011252446184 0.07758904109589042 0.076394324853229
1 0.349286301369863 0.6250684931506849 0.042786301369863035 0.015949119373776976
0 0.06693424657534247 0.729182974559687 0.12413150684931508 0.07136986301369869
0 0.15274520547945206 0.6620107632093933 0.08134246575342467 0.057935420743639846
0 0.03981506849315068 0.7900562622309197 0.07963013698630136 0.05205968688845394
1 0.34552465753424655 0.6527764187866928 0.22804109589041094 0.02434931506849314
0 0.35375342465753423 0.7715851272015655 0.034794520547945205 0.20318982387475534
0 0.05612054794520548 0.9781335616438356 0.024449315068493155 0.04029843444227012
0 0.24913561643835616 0.8895523483365949 0.04090684931506848 0.047862035225049
0 0.3739712328767123 0.6296868884540117 0.021630136986301382 0.04534246575342469
0 0.4228671232876713 0.6741952054794521 0.026320547945205462 0.09573874755381608
0 0.5020986301369863 0.7967734833659491 0.04466849315068492 0.17128669275929556