3 0.43611232876712325 0.5393028375733855 0.008734246575342495 0.006893346379647821
3 0.30669041095890415 0.651695205479452 0.02080547945205481 0.010406066536203514
1 0.3812630136986302 0.5997602739726027 0.023621917808219185 0.004500978473581236
3 0.4346054794520548 0.5151663405088063 0.01708493150684929 0.006330724070450124
3 0.21486164383561643 0.6934833659491194 0.017684931506849303 0.008502935420743693
0 0.4302821917808219 0.6685102739726028 0.01113424657534243 0.023909001956947108
0 0.4239054794520548 0.5964995107632094 0.004095890410958917 0.017715264187866835
3 0.4085054794520548 0.5598434442270058 0.016063013698630106 0.005088062622309242
3 0.2799753424657534 0.6687255381604696 0.03471780821917809 0.012059686888454057
1 0.0674054794520548 0.8979476516634051 0.13165479452054796 0.014271037181996122
0 0.48009315068493147 0.7276932485322897 0.03755068493150684 0.054809197651663394
0 0.3905753424657534 0.5898874755381605 0.015402739726027405 0.014823874755381694
1 0.4437054794520548 0.6099681996086106 0.016731506849315052 0.0029305283757338598
2 0.43488082191780825 0.564344422700587 0.02346027397260277 0.02027397260273975
3 0.45355890410958905 0.515222602739726 0.007786301369863033 0.004858121330723991
0 0.22486027397260275 0.8210322896281801 0.2727890410958904 0.34922700587084143