0 0.39698188306340926 0.6775526702596766 0.046146033488882764 0.06549240568348852
0 0.30478177326379363 0.573015678588927 0.011336810321163864 0.031068103870651682
0 0.32430414493549276 0.6544610485056346 0.051320340378808685 0.07808427241548266
1 0.2024444139445512 0.6712542871141597 0.17075761734833927 0.08312591866731987
0 0.33963079879220426 0.5540127388535031 0.012152072467746357 0.03638412542871141
0 0.39353143013999453 0.5970455658990692 0.010192149327477383 0.025889269965703048
0 0.3908893768871809 0.8274252817246448 0.034811968158111495 0.22921607055365026
0 0.3697213834751578 0.6397672709456148 0.011290145484490834 0.025188633023027967
0 0.31669777655778203 0.5242773150416463 0.012544606093878622 0.025889269965703048
0 0.041354652758715346 0.792998530132288 0.07813615152346967 0.08480156785889266
0 0.559294537469119 0.9554679078882902 0.017875377436179007 0.08228319451249379