0 0.07322536371122701 0.8526041156295934 0.04189953335163327 0.04914747672709453
0 0.5350164699423552 0.8152106810387065 0.0317238539665111 0.08333659970602653
1 0.4401399945100192 0.7511073003429691 0.14843261048586331 0.055551200391964775
0 0.020532528136151522 0.9194512493875551 0.03519077683228109 0.040862322390984744
1 0.4766552292066978 0.864358157765801 0.16400494098270657 0.05555609995100435
0 0.195632720285479 0.7302743753062224 0.022146582486961282 0.028848603625673742
1 0.36529371397200106 0.6496129348358647 0.2071616799341202 0.01495345418912297
0 0.3717265989569037 0.6567613914747672 0.027285204501784267 0.13361097501224892
0 0.42574800988196543 0.6213008329250367 0.0287894592368927 0.03311611954924053
0 0.2557878122426572 0.6565580597746202 0.04788635739774909 0.058760411562959365
0 0.1557987922042273 0.7628613424791769 0.014424924512764224 0.04487016168544827
1 0.2584504529234148 0.7169230769230769 0.20057919297282464 0.017089661930426315
0 0.49251715618995334 0.7105095541401274 0.02454021410925064 0.07265066144047035
0 0.11419846280538018 0.8194855463008329 0.030587427944002196 0.04487016168544827
1 0.2399258852594016 0.8173468887800097 0.1658029096898161 0.057692307692307696