1 0.2574265715069997 0.9451053405193532 0.5017650288223992 0.05324840764331213
0 0.28214383749656874 0.6388290053895149 0.01170463903376341 0.019921607055365057
0 0.43595251166620913 0.6599167074963252 0.004899807850672498 0.01749142577168057
0 0.5098064781773264 0.9163498285154336 0.08134230030194899 0.1673003429691328
0 0.41090721932473234 0.5816854483096521 0.014699423552017556 0.040813326800587926
0 0.38259538841614055 0.5982067613914748 0.026135053527312664 0.0660852523272906
0 0.2815166071918748 0.7383831455169034 0.07726324457864395 0.1490347868691818
0 0.47874004940982706 0.7215090641842233 0.03266538567115015 0.036148946594806455
1 0.33727010705462535 0.6410142087212151 0.11215756244853141 0.03401273885350322
0 0.21291517979687072 0.8524301812836844 0.048256931100741134 0.08326310632043118
0 0.3851825418611035 0.6441229789318962 0.011704639033763347 0.028667319941205287
0 0.44806478177326375 0.695560999510044 0.008493000274499054 0.03906908378245958
0 0.4511364260225089 0.8445369916707497 0.03495470765852324 0.057138657520823075
0 0.09595388416140543 0.8576506614404704 0.19190776832281087 0.2225036746692797
0 0.41109250617622844 0.9668324350808427 0.012544606093878684 0.06157275845173938
0 0.35678149876475435 0.7859603135717785 0.02944002195992314 0.07066634002939737
0 0.37953609662366183 0.8681749142577168 0.02704913532802634 0.10075943165115143
0 0.1650905846829536 0.9524889759921606 0.046689541586604454 0.08885840274375313
0 0.2554666483667307 0.673811856932876 0.040019214932747724 0.04033317001469876
0 0.422613230853692 0.6169132778049975 0.011979138073016772 0.029642332190102892
0 0.34121740323908867 0.6184198922097012 0.021506999725500936 0.03060754532092113
0 0.47841476804831184 0.8025453209211171 0.10323085369201213 0.1551151396374326
0 0.426424650013725 0.73624938755512 0.03838320065879774 0.12924546790788827
0 0.1269681581114466 0.7715899069083783 0.053672797145209984 0.057094561489465935