0 0.35879178082191776 0.6356066536203523 0.012471232876712323 0.01788649706457923
0 0.38995753424657537 0.7594104696673191 0.023509589041095874 0.25105185909980426
0 0.3768287671232877 0.6089481409001957 0.007389041095890419 0.010459882583170307
0 0.37314520547945207 0.6241340508806262 0.004931506849315068 0.011135029354207432
0 0.3738150684931507 0.6374633072407044 0.008501369863013692 0.01147260273972605
0 0.3125287671232877 0.6112279843444226 0.011008219178082148 0.022387475538160465
1 0.36928219178082194 0.6551785714285714 0.1555178082191781 0.017206457925636045
0 0.2547767123287671 0.6783855185909979 0.04090684931506851 0.062133072407045006
0 0.09138630136986302 0.7157485322896282 0.16832876712328768 0.1452544031311155
3 0.3647452054794521 0.6195768101761252 0.006613698630137014 0.009447162426614454
0 0.3217369863013699 0.5772945205479451 0.027073972602739707 0.04268101761252446