2 0.04624657534246575 0.8593248532289628 0.09121643835616439 0.1335029354207437
0 0.2761712328767123 0.7669642857142857 0.028210958904109597 0.05121819960861059
2 0.4502438356164383 0.5884613502935421 0.01414794520547948 0.04761741682974556
2 0.19647397260273972 0.7149094911937378 0.06159452054794519 0.08479941291585134
0 0.16356027397260275 0.9214579256360078 0.10297260273972601 0.1368590998043053
2 0.1336986301369863 0.7913160469667319 0.10345205479452053 0.14026418786692763
2 0.37043835616438353 0.6624217221135029 0.07945205479452055 0.11752446183953023
2 0.48006849315068495 0.8690068493150684 0.14452054794520547 0.25415851272015655
2 0.45460958904109583 0.6561350293542074 0.038084931506849315 0.06968688845401166
0 0.2651205479452055 0.8584858121330724 0.1264821917808219 0.2745547945205479
0 0.33059589041095894 0.6636912915851272 0.03766301369863014 0.05457436399217219