2 0.39601701894043373 0.6141597256246938 0.026340927806752686 0.12174424301812838
1 0.3913354378259676 0.7720088192062715 0.06119956080153714 0.03274865262126404
0 0.2869050233324184 0.7153331700146986 0.08660170189404337 0.1578490935815776
1 0.3640763107329124 0.8576506614404704 0.06115289596486412 0.07640862322390987
1 0.22363711227010707 0.7363253307202352 0.07860554488059292 0.04366487016168551
0 0.3711089761185836 0.5490886820186184 0.022624210815262166 0.055414012738853456
0 0.11026900905846829 0.7648726114649682 0.16986549547076588 0.1780058794708476
2 0.2909044743343398 0.5881283684468397 0.03720834477079329 0.04785889269965706
2 0.33277106780126264 0.5906491915727585 0.050378808674169634 0.06968642822146008
2 0.37628328300850944 0.7090372366487017 0.032972824595113887 0.09824105830475256
0 0.2353966511117211 0.6452253797158256 0.07390063134779026 0.07304752572268502