0 0.3887589041095891 0.6933708414872799 0.01998356164383563 0.07276908023483356
0 0.3830780821917808 0.6174559686888453 0.012539726027397256 0.07346379647749515
0 0.07563287671232877 0.710291095890411 0.14905205479452058 0.1343395303326811
1 0.34836849315068497 0.6871012720156555 0.06176712328767125 0.05248043052837573
0 0.3076753424657534 0.964699119373777 0.05078082191780826 0.060454990215264265
0 0.3053767123287671 0.5590655577299413 0.010068493150684931 0.026722113502935366
0 0.34347123287671233 0.5797162426614482 0.025304109589041068 0.06122309197651668
0 0.34034109589041095 0.6295205479452055 0.014693150684931475 0.051017612524461936
0 0.3110904109589041 0.6448263209393347 0.014964383561643806 0.063165362035225
0 0.041779452054794525 0.720366927592955 0.02586027397260274 0.030225048923679047
0 0.19177123287671233 0.8534466731898239 0.04937260273972604 0.14022015655577294
0 0.23173698630136985 0.759410469667319 0.026800000000000015 0.04953522504892368
0 0.22864383561643833 0.5908928571428571 0.03727671232876714 0.028184931506849267
0 0.1866041095890411 0.6239408023483366 0.032106849315068506 0.035944227005870855
0 0.24843013698630137 0.665369373776908 0.07899178082191782 0.13014187866927593
0 0.3640150684931507 0.6606188845401174 0.009252054794520542 0.052959882583170255
0 0.3817054794520548 0.564630626223092 0.013712328767123276 0.047578277886497065
0 0.3048328767123288 0.5979378669275929 0.01986301369863014 0.01797945205479452
0 0.25735068493150687 0.5673263209393347 0.010882191780821926 0.02381115459882587
0 0.4527287671232877 0.8899706457925636 0.04936986301369864 0.2166242661448141
0 0.29775753424657536 0.6562475538160469 0.005169863013698601 0.02866927592954997
0 0.4108808219178083 0.8009711350293541 0.03620547945205476 0.16793052837573386
0 0.27884657534246576 0.5583365949119374 0.011430136986301409 0.012632093933463876
0 0.3335397260273973 0.5192221135029355 0.007073972602739708 0.014090019569471602
0 0.28604520547945206 0.7023140900195695 0.04702191780821921 0.05289628180039133