0 0.5268130661542685 0.6406075453209211 0.03485588800439199 0.10075453209211165
0 0.5333996706011529 0.9290200881920627 0.03579741970903104 0.14021558059774625
0 0.5355311556409553 0.5287726604605585 0.03729343947296182 0.022836844683978393
0 0.14343261048586328 0.7711685448309652 0.06402141092506175 0.05121509064184222
1 0.44543370848202035 0.8832606565409113 0.03852594015920948 0.020151886330230222
0 0.322633818281636 0.7304483096521314 0.12700796047213836 0.18807937285644286
1 0.4317911062311282 0.5654605585497305 0.07060938786714246 0.026031357177854045
0 0.5251660719187483 0.5616805487506124 0.024979412572056 0.040303772660460556
0 0.5520285479000824 0.5105512003919648 0.014427669503156723 0.011175894169524716
0 0.046528959648641226 0.8421190592846645 0.08942355201756794 0.08732484076433122
0 0.48776969530606645 0.6221362077413033 0.053672797145209984 0.0822831945124939
0 0.38383337908317317 0.5843532582067614 0.12982981059566293 0.08060264576188142