1 0.3662602739726027 0.592206457925636 0.09009315068493148 0.01117416829745604
0 0.29333424657534246 0.6494178082191782 0.017397260273972603 0.029383561643835588
0 0.37729315068493147 0.5839432485322896 0.027210958904109572 0.032553816046966715
0 0.3586424657534247 0.5630577299412916 0.004156164383561664 0.013160469667318916
0 0.3260465753424657 0.5509124266144815 0.008504109589041086 0.004388454011741696
0 0.3683287671232877 0.636404109589041 0.012224657534246607 0.04869863013698628
1 0.3391698630136986 0.5748679060665361 0.02042739726027396 0.010459882583170307
0 0.33899041095890414 0.5546232876712329 0.0049123287671233055 0.009109589041095949
0 0.3946602739726027 0.6918175146771037 0.015046575342465774 0.02015166340508809
1 0.3487219178082192 0.5571550880626223 0.014172602739726032 0.006071428571428611
0 0.34975753424657535 0.6708268101761253 0.01363561643835616 0.02182974559686894