2 0.3936986301369863 0.7707925636007827 0.13205479452054794 0.13062622309197652
3 0.22336438356164381 0.8552690802348337 0.020679452054794524 0.023806262230919806
3 0.22649452054794522 0.9730993150684931 0.01986575342465753 0.02235322896281792
2 0.25924520547945207 0.6733463796477495 0.15234246575342464 0.10075342465753427
0 0.49081780821917814 0.8269985322896282 0.023405479452054814 0.11469178082191772
0 0.36342328767123283 0.5947113502935422 0.006424657534246588 0.020919765166340504
3 0.15284520547945205 0.9740484344422701 0.014512328767123295 0.02388943248532286
2 0.17564383561643837 0.860371819960861 0.33693150684931505 0.273385518590998
3 0.1868890410958904 0.9174633072407046 0.019619178082191786 0.02477984344422694
0 0.38662876712328764 0.5199094911937379 0.006353424657534261 0.01073874755381607
3 0.32688767123287665 0.6058488258317025 0.010630136986301357 0.005386497064579252