2 0.40968295360966234 0.653201861832435 0.050850947021685425 0.08563939245467907
2 0.4235588800439199 0.8778025477707007 0.08227559703541037 0.23257716805487508
2 0.316774636288773 0.6641180793728565 0.08707658523195166 0.06549240568348841
0 0.3845155091957178 0.7270896619304262 0.023003019489431776 0.06045075943165121
0 0.34335437825967613 0.8811611954924056 0.049909415317046374 0.13853993140617343
0 0.21117073840241563 0.6846864282214602 0.03297556958550645 0.04953944145026943
0 0.183652209717266 0.6796496815286625 0.08048586329947843 0.07137187653111224
0 0.31771891298380456 0.716594806467418 0.045676640131759566 0.056256736893679535
0 0.2064671973648092 0.8773836354728074 0.08377710678012629 0.1041156295933366
0 0.19470765852319516 0.9600881920627143 0.05179247872632444 0.03946104850563448
1 0.24953197913807304 0.6926653601175894 0.054095525665660185 0.028544830965213125