0 0.036578369475706835 0.8796790788829005 0.06324183365358221 0.0684517393434591
1 0.3543823771616799 0.6163792258696718 0.027886357397749084 0.0075845173934346
0 0.2191147405984079 0.6667393434590887 0.0755778204776283 0.07796668299853018
0 0.3823853966511117 0.5811905928466439 0.015371946198188307 0.054365507104360625
0 0.405612132857535 0.8327070063694267 0.01060938786714249 0.042964233219010314
1 0.39381279165522926 0.6671607055365018 0.03402141092506178 0.01222439980401766
1 0.34163189678836126 0.6395565899069084 0.05522646170738404 0.012645761881430644
1 0.16501097996157016 0.7520798628123468 0.15205325281361518 0.05984811366976965
1 0.36181306615426845 0.7263449289563939 0.1021054076310733 0.03138657520823123
0 0.37233461432884984 0.6607643312101911 0.00969256107603622 0.016972072513473838
0 0.3567664013175954 0.5493704066634002 0.017968707109525126 0.03118569328760405
0 0.26893357123250067 0.6224889759921607 0.011356025253911613 0.026545810877020987
1 0.3077395004117486 0.6981381675649192 0.11734559429041995 0.05478686918177361
0 0.37274361789733734 0.6206687898089172 0.007886357397749113 0.03453699167074964
0 0.12443590447433434 0.7145712885840275 0.0552731265440571 0.04804507594316509
1 0.43193659072193247 0.6623738363547281 0.02789184737853415 0.006148946594806445
0 0.30919022783420264 0.5790813326800588 0.048899258852594045 0.06701126898579127
1 0.3933516332692836 0.6433488486036257 0.033999451001921525 0.014331210191082803
0 0.42241696404062584 0.6037334639882411 0.012278342025802915 0.05562959333659969
0 0.04073428493000275 0.7773664870161685 0.08006313477902828 0.062376286134247894
0 0.41449217677738126 0.6799510044096031 0.00668954158660448 0.06567368936795687