3 0.3064246575342466 0.6576051859099804 0.023698630136986303 0.023321917808219215
0 0.3866671232876712 0.9554647749510763 0.02068767123287671 0.07556751467710374
0 0.24137671232876715 0.7921550880626222 0.08463287671232876 0.1620499021526419
0 0.370913698630137 0.5980014677103719 0.012698630136986277 0.04292074363992173
1 0.2790780821917808 0.6432729941291585 0.17144931506849315 0.011174168297455928
0 0.40782465753424657 0.7476541095890411 0.015046575342465774 0.02938845401174165
2 0.42286575342465754 0.6460714285714285 0.038542465753424675 0.06803326810176123
3 0.3279205479452054 0.6075587084148728 0.017715068493150708 0.03304305283757337
0 0.23455890410958907 0.899628180039139 0.015517808219178078 0.08480430528375729
0 0.4452054794520548 0.8358170254403131 0.06347397260273968 0.01763209393346378
0 0.39936301369863014 0.8534491193737768 0.023509589041095874 0.09823874755381602
0 0.28322328767123284 0.7917343444227005 0.060183561643835606 0.16120841487279844