0 0.4286947570683503 0.6431994120529152 0.01045566840516056 0.012552670259676576
0 0.3675802909689816 0.6985423811856932 0.019332967334614284 0.03526212640862324
0 0.5211913258303597 0.7753674669279765 0.07902827340104313 0.0965556099951004
0 0.4558056546802086 0.8194487996080352 0.05080428218501233 0.05541891229789314
0 0.053586329947845186 0.8303625673689368 0.10165522920669777 0.10075453209211165
0 0.47430414493549267 0.6751886330230279 0.03175953884161407 0.04413522782949531
0 0.48285479000823495 0.8773836354728074 0.026813066154268476 0.013434590886820221
0 0.29783008509470216 0.6404605585497306 0.029401592094427643 0.021577658010779013
1 0.3146541312105407 0.6667001469867713 0.08003568487510292 0.023904948554630177
0 0.49143151248970623 0.7211464968152866 0.016104858632994743 0.0218618324350809
0 0.3554213560252539 0.6057471827535521 0.017716167993412014 0.03158255756981873
0 0.4343796321712874 0.6985448309652131 0.03711501509744717 0.06548750612444873
0 0.42019901180345864 0.6180965213130818 0.013837496568762032 0.023081822635962715
0 0.46424924512764204 0.7707496325330719 0.024507274224540267 0.04197942185203335
1 0.2720299203952786 0.7767246447819697 0.3335190776832281 0.05422341989220974