2 0.43676777381279164 0.56078147966683 0.008836124073565757 0.006746692797648203
0 0.6507644798243206 0.9827584517393434 0.032503431237990627 0.029387555120039207
0 0.13919846280538017 0.733388045075943 0.04238265166071918 0.04114159725624695
2 0.10902278342025803 0.9392822146006858 0.1066867965962119 0.11486036256736896
2 0.22671836398572603 0.7972146006859383 0.14112270107054625 0.2095688388045076
3 0.3934531979138073 0.7841842234198922 0.03146856986000552 0.015110240078393017
0 0.18741559154542958 0.9634443900048995 0.061671699149052996 0.07136697697207256
2 0.44898435355476257 0.8228074473297403 0.07573428493000271 0.34928956393924543
1 0.31492039527861654 0.9130793728564429 0.19146033488882788 0.03272415482606564
2 0.2991367005215482 0.6149975502204802 0.07437002470491355 0.061293483586477175
0 0.5771465824869613 0.8530328270455659 0.037680483118309016 0.0822831945124939
0 0.20082212462256382 0.678811856932876 0.04050233324183364 0.032743753062224365