1 0.11861240735657426 0.7128637922586967 0.046239363162228944 0.0066780989710925436
1 0.19477216579741974 0.7052792748652621 0.08499862750480373 0.013351298383145516
0 0.2537455393906121 0.743811856932876 0.030971726598956882 0.08556589906908384
1 0.5874979412572057 0.9566609505144538 0.04700247049135328 0.036702596766291076
0 0.05450590172934395 0.8172439980401763 0.047293439472961836 0.05522292993630564
0 0.42359044743343394 0.7410828025477708 0.010881141916003322 0.06190102890739829
1 0.3650947021685424 0.6843410093091622 0.18295360966236618 0.034590886820186136
0 0.16721520724677463 0.6837334639882411 0.038794949217677746 0.04065654091131799
0 0.2848545155091957 0.6637065164135227 0.018394180620367826 0.049157275845173896
0 0.04413670052154818 0.7738510534051934 0.0632720285479001 0.06190102890739829
0 0.21294537469118857 0.8682214600685938 0.06565468020861928 0.13047525722684955
3 0.3573332418336536 0.620810877021068 0.023807301674444146 0.01685938265556104
0 0.11264617073840241 0.7441180793728563 0.05205599780400768 0.04733463988241053