0 0.3201958904109589 0.5503791585127201 0.005876712328767136 0.007578277886497069
0 0.4144082191780822 0.9827495107632094 0.020690410958904105 0.031066536203522503
0 0.4440301369863014 0.8236399217221135 0.0141041095890411 0.062133072407045006
0 0.3923082191780822 0.8093664383561644 0.018808219178082217 0.04533757338551863
1 0.2975671232876712 0.7224730919765167 0.3550027397260274 0.03108121330724069
0 0.41793424657534245 0.8845132093933464 0.027742465753424653 0.1167074363992172
3 0.6701986301369863 0.9651198630136986 0.10157534246575342 0.06633561643835613
3 0.6048356164383561 0.9084417808219178 0.09686027397260273 0.07724559686888448
0 0.3837041095890411 0.5891511741682974 0.012082191780821892 0.02915362035225045
0 0.39121369863013694 0.6906090998043053 0.0062027397260274245 0.023321917808219215
0 0.3905616438356164 0.6422137964774951 0.016000000000000025 0.0629696673189824
0 0.4087657534246575 0.7610885518590997 0.016928767123287725 0.07136497064579252