0 0.3617013698630137 0.6029060665362036 0.026241095890410952 0.0955381604696673
1 0.4115890410958904 0.5969422700587085 0.0263013698630137 0.018444227005870863
0 0.09702465753424659 0.750584637964775 0.1024986301369863 0.09069960861056757
0 0.4003013698630137 0.56293542074364 0.019747945205479494 0.019315068493150695
0 0.34552465753424655 0.5528595890410959 0.021158904109589045 0.020993150684931548
0 0.32718767123287673 0.7442954990215265 0.043728767123287646 0.1872407045009785
0 0.10102465753424658 0.7157485322896282 0.05407123287671233 0.04114481409001953
0 0.23432328767123287 0.6204500978473582 0.07993424657534247 0.07556751467710374
0 0.026263013698630138 0.818603228962818 0.04936986301369863 0.050376712328767136
0 0.42382191780821915 0.669559686888454 0.02254794520547944 0.042837573385518565
0 0.03323287671232877 0.7476565557729942 0.06646575342465753 0.04450097847358123
0 0.3307109589041096 0.9021477495107633 0.0300849315068493 0.1855577299412917