0 0.45884109589041094 0.7170083170254403 0.00705205479452055 0.0319031311154599
0 0.4703616438356164 0.6746061643835616 0.007523287671232887 0.014271037181996122
0 0.44290958904109584 0.5882803326810176 0.019200000000000043 0.0349853228962818
1 0.3208397260273973 0.7568909001956947 0.20970684931506847 0.04449608610567517
0 0.4969273972602739 0.7283439334637966 0.015515068493150652 0.032744618395303356
0 0.5926109589041095 0.9281751467710372 0.02821369863013699 0.05457925636007825
0 0.4325095890410959 0.7346404109589041 0.005172602739725995 0.02686399217221128
0 0.45649041095890414 0.7640264187866928 0.010816438356164389 0.040303326810176066
0 0.5418301369863013 0.8240631115459882 0.02727123287671232 0.03778375733855187
0 0.46857397260273975 0.643904109589041 0.014890410958904147 0.03708414872798432
0 0.4440301369863014 0.6510983365949119 0.0141041095890411 0.032744618395303245