0 0.2869050233324183 0.872765801077903 0.05085094702168539 0.2460117589416952
0 0.5938457315399397 0.9407741303282704 0.051227010705462504 0.11503184713375794
0 0.25092094427669503 0.9344781969622734 0.019332967334614346 0.1259480646741793
0 0.19023744166895415 0.6502621264086232 0.06449354927257755 0.06464968152866245
0 0.48732226187208344 0.6565605095541401 0.034809223167718895 0.09235668789808917
0 0.3609717265989569 0.6162567368936795 0.04562723030469394 0.10579127878490939
0 0.42664013175953885 0.8950318471337579 0.047982432061487834 0.2099363057324841
0 0.6312654405709579 0.8912371386575209 0.05644798243206145 0.0814453699167075
0 0.4327559703541038 0.6594977951984322 0.05550919571781499 0.2644830965213131
0 0.5138937688718089 0.8127241548260656 0.07948668679659626 0.20149926506614405
0 0.04982294811968158 0.8186085252327291 0.09412846555037056 0.10075453209211165
0 0.4875555860554488 0.903405193532582 0.06820477628328302 0.19142577168054878
0 0.14108152621465825 0.9344757471827535 0.054614328849849035 0.0890004899559039
0 0.20950041174855888 0.920203331700147 0.0550370573702992 0.14777560019598243
0 0.3087798517705188 0.7044194022537971 0.07672522646170742 0.1780009799118079