0 0.42928218501235244 0.5836305732484077 0.007622838320065875 0.014091131798138163
1 0.3724910787812243 0.5207863792258698 0.030208619269832544 0.020622243998040135
0 0.18421218775734285 0.6801273885350317 0.05800988196541313 0.06705536501714841
0 0.2854954707658523 0.8123125918667319 0.03767773812791658 0.07976482116609503
0 0.40546253088114187 0.5617638412542871 0.014971177600878387 0.04421362077413033
0 0.3907617348339281 0.5926188143067124 0.01551743068899258 0.035957863792258744
2 0.25977902827340105 0.6085815776580108 0.08849574526489157 0.09353748162665353
0 0.07924650013724951 0.7841842234198922 0.14817732637935768 0.13938265556099952
0 0.1561570134504529 0.9082263596276335 0.16849849025528407 0.17676629103380695
1 0.3419681581114466 0.5392993630573248 0.031649739225912694 0.01546300832925034
0 0.3296280538018117 0.5656614404703576 0.010911336810321163 0.012890739833415077
0 0.31072330496843265 0.5595688388045076 0.014320614877847885 0.014767270945614943
0 0.0717046390337634 0.7409431651151396 0.1434092780675268 0.13349828515433612
2 0.47979549821575623 0.7971974522292993 0.14864946472687346 0.3937873591376776