0 0.5019050233324184 0.831624203821656 0.04609936865220973 0.0831210191082803
0 0.403122426571507 0.663265556099951 0.07432061487784793 0.11085252327290544
0 0.3137482843810047 0.6456442920137188 0.01410101564644527 0.07724644781969615
0 0.1234408454570409 0.7081994120529153 0.12940708207521273 0.104953454189123
0 0.2984079055723305 0.669154826065654 0.013642602250892134 0.03862322390984819
0 0.31089623936316224 0.7438804507594317 0.013217128740049435 0.04534051935325819
0 0.16248421630524293 0.6418667319941205 0.044737853417513025 0.041146496815286634
0 0.29701894043370847 0.7119745222929935 0.017452648915728775 0.06381185693287604
0 0.2744400219599232 0.6490029397354238 0.05414493549272581 0.10243508084272424
0 0.44084545704090033 0.9343459088682019 0.04227285204501784 0.1224889759921607
0 0.21632171287400492 0.6846864282214602 0.0460993686522097 0.027707006369426728
0 0.03970903101839143 0.8366609505144537 0.07107878122426571 0.09824105830475267
0 0.3338045566840517 0.7988731014208721 0.031485039802360705 0.40225379715825577