0 0.19115564095525667 0.7652915237628614 0.13124348064781774 0.12174424301812838
0 0.22716442492451275 0.650264576188143 0.05649739225912711 0.03946104850563448
0 0.04391847378534175 0.9160044096031358 0.08138073016744442 0.12090641842234198
0 0.2998394180620368 0.8198677119059284 0.1011885808399671 0.35684468397844193
0 0.057348339280812524 0.8408598726114649 0.11106231128191052 0.06801077902988728
0 0.18129975295086465 0.6645369916707496 0.04661817183639858 0.052895639392454695
0 0.241512489706286 0.5956859382655562 0.06166895415866044 0.054576188143067174
0 0.3501756793851222 0.8920749632533072 0.06449080428218502 0.15533072023517883
0 0.3823991216030744 0.9672219500244977 0.027329124348064768 0.06381185693287604
0 0.44286851496019763 0.6893042626163645 0.0550370573702992 0.08228319451249379
0 0.22998764754323361 0.795516903478687 0.07060938786714246 0.1251053405193532
0 0.03850947021685424 0.7690715335619794 0.07150150974471588 0.06549240568348852
0 0.34076722481471317 0.6103797158255756 0.07295909964315124 0.04869671729544346
0 0.4480469393357124 0.9000538951494366 0.05502882239912161 0.19143557079862802
0 0.12083035959374144 0.783765311121999 0.045157836947570695 0.036104850563449316
0 0.10509470216854241 0.7266682998530133 0.08707109525116663 0.07976482116609503
3 0.5489225912709306 0.8530328270455659 0.12037606368377704 0.22837824595786374
0 0.16906944825693113 0.9361587457128858 0.04661542684600605 0.1041156295933366