2 0.3920739726027397 0.6431213307240704 0.01645479452054793 0.026868884540117453
0 0.2874561643835617 0.5805675146771037 0.013164383561643823 0.014275929549902184
0 0.2660616438356164 0.6011399217221135 0.016457534246575325 0.023512720156555745
0 0.38619726027397255 0.5608365949119374 0.024449315068493155 0.040303326810176066
2 0.1301753424657534 0.9160004892367906 0.16315616438356165 0.16289138943248535
1 0.28416438356164386 0.6603351272015655 0.20876712328767122 0.022676125244618463
0 0.3234260273972603 0.6158317025440313 0.011756164383561666 0.0226712328767124
0 0.2333835616438356 0.7636081213307241 0.08369315068493151 0.13518101761252443
0 0.28322328767123284 0.6380821917808218 0.03291232876712326 0.04365949119373777
0 0.35093150684931507 0.740518590998043 0.021627397260273924 0.1074755381604697
0 0.3081438356164383 0.6708292563600783 0.017865753424657543 0.0319031311154599
0 0.30226712328767125 0.5734319960861056 0.01269315068493155 0.011756360078277872
0 0.2300917808219178 0.6796453033268103 0.010342465753424658 0.02938845401174165
0 0.37632191780821916 0.6825831702544031 0.016928767123287662 0.030225048923679047