0 0.49293013698630134 0.8484099804305284 0.01128493150684933 0.03946183953033272
0 0.4475561643835616 0.6733463796477495 0.0399671232876712 0.062133072407045006
0 0.4983369863013698 0.9365728962818004 0.007994520547945224 0.03778375733855187
0 0.4186260273972603 0.5941658512720156 0.012441095890410982 0.0349853228962818
0 0.4175 0.5615166340508806 0.014041095890410958 0.03148727984344429
0 0.4227068493150685 0.625070939334638 0.009501369863013717 0.01982876712328766
0 0.4414986301369863 0.6142832681017611 0.015019178082191826 0.027402152641878664
1 0.4605835616438356 0.6131188845401175 0.02452054794520548 0.00641389432485318
0 0.44120958904109586 0.7728449119373777 0.028210958904109597 0.14861545988258315
1 0.41584931506849315 0.6384809197651664 0.14664109589041097 0.01165851272015652
0 0.4788246575342466 0.8005503913894324 0.010345205479452052 0.04282289628180038