0 0.37910513313203403 0.6204556589906908 0.024507274224540205 0.04366487016168551
1 0.23461295635465274 0.7259260166585008 0.09407905572330494 0.05807447329740333
0 0.168122426571507 0.7283463988241058 0.0899094153170464 0.06128858402743749
1 0.09466785616250344 0.8249338559529643 0.18581114466099372 0.1259480646741793
1 0.32555723304968437 0.6863963743263106 0.10348888278891023 0.0965556099951004
0 0.4134696678561625 0.7619353258206762 0.010348613779851721 0.07976482116609503
0 0.3335341751303871 0.6232018618324351 0.058147131485039784 0.0466487016168545
0 0.2500699972550096 0.6663498285154336 0.1140076859730991 0.05014208721215098
0 0.38900768597309915 0.8228074473297403 0.018816909140817996 0.062136207741303254
0 0.4351221520724678 0.7332753552180303 0.03488882788910243 0.16512983831455177
0 0.22853692012077956 0.7476163645271926 0.08976667581663467 0.04268005879470854
0 0.2325734284930003 0.7976188143067124 0.08801262695580565 0.12258696717295446
0 0.18435767224814714 0.9596668299853014 0.03485863299478452 0.06884860362567367