0 0.4585041095890411 0.6833683953033267 0.023117808219178113 0.08046477495107633
0 0.1006082191780822 0.765817025440313 0.2012164383561644 0.17249510763209389
1 0.27885068493150683 0.6175954011741683 0.07287945205479451 0.011893346379647722
0 0.36253972602739726 0.5888600782778866 0.009841095890410979 0.016868884540117316
0 0.5125767123287672 0.8533904109589041 0.041926027397260264 0.11405088062622315
0 0.38524246575342463 0.5590998043052838 0.006430136986301315 0.007964774951076307
0 0.5063082191780822 0.7844716242661448 0.04427671232876709 0.09515655577299413
0 0.4800547945205479 0.7620841487279844 0.021550684931506872 0.07416829745596865
0 0.5637109589041096 0.9149633072407045 0.06896164383561645 0.16582681017612527
1 0.31939999999999996 0.5969593933463796 0.07983013698630137 0.008889432485322932
0 0.549995890410959 0.9541462818003914 0.036046575342465734 0.08326320939334629
1 0.3904904109589041 0.5641364970645792 0.010630136986301357 0.00210861056751465
0 0.4759397260273972 0.716252446183953 0.009402739726027379 0.02309197651663396