2 0.38078904109589046 0.8064285714285715 0.06817534246575341 0.140215264187867
1 0.181427397260274 0.7946771037181997 0.3390082191780822 0.022681017612524414
2 0.24443287671232877 0.7350611545988259 0.08134246575342469 0.13853718199608603
0 0.28956027397260276 0.6481482387475539 0.017372602739725986 0.030249510763209357
0 0.37726301369863013 0.5990386497064579 0.015046575342465774 0.04113992172211346
0 0.4035931506849315 0.6582338551859099 0.018808219178082217 0.05877690802348341
0 0.21528082191780826 0.900887964774951 0.06817808219178083 0.17799902152641875
0 0.264886301369863 0.776621819960861 0.031032876712328763 0.07892857142857139
0 0.36009589041095885 0.7060934442270059 0.012684931506849302 0.06549412915851278
0 0.36057123287671233 0.6301076320939335 0.016457534246575325 0.08480430528375729
2 0.21175479452054793 0.6368224070450098 0.08087397260273974 0.07304794520547943