0 0.19376612681855612 0.9193802057814796 0.13270381553664562 0.16123958843704062
0 0.2587057370299204 0.6695737383635473 0.0874965687620093 0.07976482116609503
0 0.4047433433982981 0.7883831455169036 0.02780126269558056 0.053738363547280774
0 0.28737578918473783 0.8421190592846644 0.1289376887180895 0.3123419892209701
0 0.44760362338731813 0.5649706026457619 0.01660719187482844 0.018466438020578176
0 0.11452648915728794 0.7917417932386085 0.1952182267362064 0.1696080352768251
0 0.3659099643151249 0.8522097011268986 0.06115289596486418 0.2955805977462028
0 0.47836124073565744 0.5780524252817245 0.027329124348064768 0.04114159725624695
0 0.352998902003843 0.5868716315531601 0.09356299752950868 0.07052915237628615
0 0.16645896239363162 0.7165923566878981 0.09031567389514136 0.07808427241548255
0 0.3725199011803459 0.6611758941695247 0.03767773812791655 0.07976482116609503
0 0.49129700796047215 0.9802523272905439 0.016511117211089724 0.039495345418912246
0 0.4705997804007686 0.6296913277804996 0.017449903925336307 0.053738363547280774