0 0.11073977491078782 0.9008941695247428 0.09460060389788635 0.10747182753552187
2 0.34027449903925333 0.7925796178343949 0.031517979687071075 0.09739833414992649
0 0.189531979138073 0.6960240078392945 0.11670875651935217 0.08396374326310627
0 0.11614877847927532 0.7703307202351788 0.06307987922042271 0.059612934835864696
0 0.45013724951962664 0.9252425281724646 0.02639033763381831 0.09404213620774134
0 0.39269283557507545 0.649436550710436 0.012725775459785864 0.05264086232239101
0 0.30499451001921496 0.6385080842724156 0.055978589074938225 0.13014698677119055
0 0.2685410376063684 0.6917074963253308 0.04002470491353282 0.07278294953454187
0 0.3659099643151249 0.6259137677609015 0.031045841339555288 0.06969132778049976
0 0.3619365907219325 0.703579127878491 0.022154817458138906 0.07220480156785895
0 0.41506725226461705 0.7266707496325331 0.02963491627779304 0.06464968152866234
0 0.04038978863573977 0.8207079862812348 0.07902827340104308 0.08480646741793235
1 0.4092355201756794 0.8022366487016168 0.10066703266538568 0.07640862322390976
1 0.39321712874004944 0.7237310142087213 0.03956080153719459 0.023512983831455173