0 0.40788910238814163 0.6012175404213621 0.02286027998902003 0.023904948554630066
2 0.10486000548998078 0.7556369426751592 0.1477545978589075 0.13601665850073488
0 0.18976804831183092 0.6897256246937775 0.02497666758166347 0.03609995100440952
0 0.053114191600329395 0.9529495345418911 0.09695031567389514 0.07557079862812348
1 0.345941531704639 0.6204556589906908 0.120941531704639 0.01679568838804506
2 0.43673071644249245 0.7296080352768252 0.07380730167444417 0.08564429201371875
0 0.43108564370024705 0.6460656540911317 0.059788635739774894 0.05793238608525233
0 0.10321301125446061 0.8773811856932877 0.07484216305242933 0.0973983341499266
1 0.03737990667032666 0.8492552670259677 0.06444413944551194 0.022665360117589413
1 0.23680757617348341 0.7724301812836846 0.13317046390337633 0.08564429201371875
0 0.3024389239637661 0.5947721705046545 0.010889376887180852 0.011337579617834444
0 0.22891435629975293 0.650406663400294 0.05331045841339553 0.04048995590396858