1 0.2801043096349162 0.6922586967172955 0.28345868789459233 0.03243508084272418
0 0.36070820752127364 0.5981577658010779 0.004628053801811667 0.016031357177854005
0 0.3748641229755696 0.5981577658010779 0.027493823771616823 0.02478196962273403
0 0.3248723579467472 0.570360117589417 0.007438923963766102 0.007226849583537482
0 0.34790145484490803 0.5823689367956884 0.028116936590721887 0.012890739833414966
0 0.33673208893768874 0.6085840274375306 0.043653582212462246 0.011807937285644358
0 0.27969118858083997 0.5690886820186183 0.022099917650288254 0.02108770210681037
3 0.2693302223442218 0.6641719745222929 0.02469393357123251 0.02132778049975501
0 0.4084847653033214 0.6601102400783929 0.032121877573428485 0.03886820186183251
0 0.3773140269009059 0.6324154826065655 0.02531704639033764 0.044703576678098975
0 0.28674444139445515 0.6765213130818226 0.005687620093329681 0.011807937285644247
0 0.37708344770793306 0.7245908868201861 0.01390886631896784 0.03401273885350311
0 0.28565605270381556 0.6078172464478196 0.01719736480922316 0.016634002939735448
0 0.33690639582761456 0.5732900538951494 0.008970628602799909 0.004100930916217487
0 0.31235245676640133 0.6062248897599215 0.003623387318144399 0.013498285154336088
2 0.4444180620367829 0.6812469377756002 0.040288223991216024 0.043248407643312094
0 0.2534573153993961 0.6043655071043607 0.011202305791929714 0.017432631063204276
0 0.3538210266264068 0.7204703576678099 0.010584682953609648 0.035688388045076014
0 0.25598545155091956 0.6202547770700637 0.0045704090035684816 0.009279764821166122
0 0.1982349711776009 0.9306981871631552 0.04849849025528409 0.07304752572268491
2 0.10673208893768872 0.7119132778049975 0.06601427395004118 0.0372513473787359
0 0.2517403239088663 0.5874963253307202 0.006318967883612402 0.012934835864772103