0 0.5296362887729893 0.8194463498285154 0.03297556958550642 0.0822831945124939
0 0.23045704090035687 0.936156295933366 0.06308262421081527 0.12426751592356682
0 0.01716167993412023 0.8807422831945125 0.03432335986824046 0.04198432141107303
0 0.38524430414493555 0.7283463988241058 0.013173208893768874 0.054576188143067174
0 0.2869063958276146 0.6397672709456148 0.0386220148229481 0.057094561489465935
0 0.4489596486412297 0.8496741793238608 0.0635520175679385 0.2989073983341499
0 0.06957864397474608 0.7854434100930917 0.13552292066977764 0.1486134247917687
0 0.34779989020038427 0.5977853993140617 0.021166620916826764 0.053738363547280774
0 0.49132171287400495 0.7287677609015188 0.015522920669777706 0.04702106810387067
0 0.2666785616250343 0.5965262126408625 0.04520450178424374 0.04618324350808427
0 0.1321424650013725 0.6834296913277805 0.05837771067801263 0.053738363547280774
0 0.15566291517979686 0.9445541401273886 0.06214109250617623 0.10579617834394908
0 0.5917279714520999 0.9197844194022538 0.050850947021685425 0.15365017148456633
0 0.4031196815811145 0.5788951494365507 0.023521822673620657 0.10831455169034784
0 0.12485177051880318 0.9155854973052425 0.10400494098270656 0.16204801567858892
2 0.24903925336261323 0.7799877511024007 0.14822399121603075 0.2031896129348359
0 0.10344770793302224 0.8072733953944145 0.11943453197913806 0.1418961293483587