0 0.4256835616438356 0.6440019569471623 0.005010958904109642 0.021056751467710355
0 0.4376013698630137 0.6433928571428571 0.007482191780821965 0.027128180039138965
0 0.32551232876712327 0.6441487279843444 0.016054794520547984 0.02866927592954997
0 0.33494520547945206 0.5615753424657535 0.006000000000000025 0.0067514677103717976
0 0.409513698630137 0.5944740704500978 0.07542739726027402 0.01518101761252445
0 0.3883150684931507 0.8899706457925636 0.04183561643835618 0.04197651663405086
0 0.3895054794520548 0.5360591976516633 0.00777260273972606 0.012304305283757273
0 0.1688082191780822 0.949853228962818 0.04704109589041097 0.09579256360078287
1 0.2925890410958904 0.6623679060665363 0.26149041095890413 0.019432485322896296
0 0.3044246575342466 0.6864187866927592 0.02231232876712324 0.04713307240704508
0 0.4335191780821917 0.6768003913894325 0.006578082191780819 0.038874755381604606
1 0.41169589041095894 0.6319031311154599 0.0436986301369863 0.004217221135029412