0 0.3563397260273972 0.7421991193737768 0.012695890410958881 0.07724559686888459
0 0.706890410958904 0.6830675146771037 0.04217534246575344 0.037416829745596875
0 0.6068945205479452 0.5926908023483366 0.04734520547945204 0.03643835616438357
0 0.28346027397260276 0.6594911937377691 0.023983561643835638 0.03610567514677113
0 0.5256767123287671 0.6206409001956947 0.014038356164383564 0.018659491193737818
1 0.5830698630136986 0.6364212328767124 0.08573972602739721 0.00728473581213301
0 0.4602082191780822 0.6436717221135029 0.028082191780821917 0.07171722113502943
2 0.8409342465753424 0.8690313111545988 0.31019726027397254 0.2565557729941292
3 0.7364109589041095 0.7097822896281801 0.022849315068493175 0.024760273972602692
1 0.17484520547945204 0.7128106653620353 0.028682191780821903 0.04702054794520543
0 0.3473794520547945 0.559997553816047 0.02125753424657532 0.022157534246575326
1 0.1376986301369863 0.9462279843444228 0.27224109589041096 0.10579256360078278
1 0.23197260273972603 0.7774608610567515 0.24261917808219177 0.04534246575342469
0 0.3684397260273972 0.5757436399217222 0.005909589041095873 0.011663405088062581
0 0.33541643835616436 0.9441267123287671 0.02727123287671232 0.03778375733855187
0 0.6102945205479452 0.6147994129158513 0.013334246575342486 0.027211350293542134
0 0.40712054794520547 0.6603326810176126 0.007994520547945161 0.027710371819960798
0 0.6501575342465753 0.6322920743639922 0.019591780821917742 0.02235322896281803
0 0.3502260273972603 0.8429525440313111 0.015515068493150715 0.09571917808219171
1 0.40853013698630136 0.9004696673189824 0.32678630136986303 0.05289628180039133
0 0.10243424657534246 0.9130626223091977 0.02398082191780821 0.031066536203522503
1 0.6344589041095889 0.8652030332681017 0.09592054794520552 0.02938845401174165
0 0.19036164383561643 0.6561350293542074 0.05407123287671233 0.05121330724070453
0 0.26394520547945205 0.6460591976516634 0.010345205479452052 0.02938845401174165
0 0.49237123287671236 0.6302617416829747 0.02383835616438356 0.04489726027397271
1 0.40829178082191786 0.5801149706457926 0.04636438356164384 0.018077299412915873
0 0.5454301369863014 0.6693272994129159 0.032652054794520505 0.05656066536203529
2 0.6254301369863013 0.7739872798434443 0.11558904109589044 0.1481017612524462
0 0.2489 0.6250684931506849 0.013164383561643823 0.02267123287671229
1 0.24725479452054794 0.7417759295499021 0.11425753424657534 0.01763209393346378