0 0.22515479452054796 0.8450513698630137 0.0634767123287671 0.14022015655577294
1 0.4628383561643835 0.8715019569471624 0.08369315068493151 0.0570939334637965
0 0.17185753424657532 0.705589530332681 0.0533095890410959 0.03968199608610563
0 0.44576027397260276 0.6880430528375735 0.013093150684931497 0.040234833659491195
1 0.20423150684931504 0.7081922700587084 0.07429315068493149 0.022666340508806226
1 0.34635616438356165 0.5888527397260274 0.01986301369863014 0.008263209393346318
0 0.3868849315068493 0.6284540117416829 0.014449315068493153 0.028180039138943205
1 0.4475561643835616 0.7241462818003914 0.057835616438356205 0.02938845401174176
1 0.3613534246575343 0.6833781800391389 0.1322739726027397 0.04722602739726026
1 0.41996027397260277 0.6129060665362036 0.031564383561643844 0.01846379647749511
0 0.5166739726027397 0.9428693737769079 0.032443835616438314 0.10411448140900204
0 0.3765561643835616 0.8937499999999999 0.02962191780821921 0.20570939334637967
0 0.2691178082191781 0.7442979452054793 0.05454246575342464 0.08144324853228964
0 0.42357671232876715 0.7971917808219178 0.04090684931506848 0.10159491193737762
1 0.35422328767123284 0.7703253424657535 0.06394794520547942 0.015954011741682924
1 0.15274383561643834 0.7678180039138943 0.1650328767123288 0.07307240704500974
1 0.26609178082191776 0.6559735812133072 0.227586301369863 0.031487279843444176
1 0.2421739726027397 0.6862989236790606 0.10484657534246573 0.013400195694716292