0 0.4285191780821918 0.6766731898238747 0.028441095890410942 0.1177788649706458
1 0.37973972602739725 0.6181286692759295 0.14986301369863014 0.01147260273972605
1 0.5162972602739726 0.7951638943248532 0.03920821917808216 0.01943737769080236
0 0.4374643835616438 0.5566634050880627 0.00929589041095892 0.03806262230919763
0 0.48587671232876706 0.8945890410958904 0.051720547945205475 0.20907045009784742
0 0.28745616438356164 0.7069324853228963 0.05266027397260272 0.08227984344422692
1 0.392113698630137 0.6003938356164383 0.03423835616438357 0.03563111545988255
0 0.29433013698630134 0.5877592954990216 0.030819178082191784 0.024970645792563695
0 0.3471698630136987 0.7400978473581213 0.07616986301369863 0.06633072407045006
0 0.27156027397260274 0.6123899217221135 0.014380821917808222 0.010797455968688814
0 0.45131780821917805 0.7724217221135029 0.020219178082191768 0.11922700587084151
0 0.31807123287671235 0.603231409001957 0.026772602739726033 0.02592465753424658
1 0.2864986301369863 0.6440190802348337 0.04146849315068497 0.04781311154598827
0 0.33133287671232875 0.6427079256360078 0.0233780821917808 0.03441780821917804
0 0.40832602739726026 0.5977617416829746 0.003627397260273975 0.01012230919765169
0 0.3987986301369863 0.5754916829745598 0.013142465753424603 0.02388943248532286
0 0.3921123287671233 0.665594422700587 0.030723287671232842 0.08629647749510769
0 0.43440273972602744 0.6060616438356164 0.014964383561643868 0.021056751467710355
1 0.36534657534246573 0.6287353228962818 0.022923287671232834 0.014574363992172193
0 0.20517397260273973 0.8400048923679061 0.09310410958904107 0.15535225048923676