0 0.3079095890410959 0.789635518590998 0.02397808219178088 0.12174657534246582
0 0.27471095890410957 0.678889432485323 0.010446575342465752 0.06530332681017613
0 0.41111643835616435 0.5746917808219179 0.021630136986301382 0.04954011741682974
0 0.09655753424657534 0.7417759295499021 0.05172328767123287 0.036105675146771016
0 0.409941095890411 0.7123899217221135 0.0070547945205479455 0.032744618395303245
1 0.37444109589041097 0.7321208414872798 0.11472876712328767 0.016795499021526383
0 0.20517260273972604 0.6519373776908023 0.04231780821917809 0.04114481409001953
0 0.24043561643835618 0.9319545009784735 0.12883287671232876 0.1343395303326811
0 0.42804383561643833 0.7661276908023484 0.0141041095890411 0.05961350293542081
0 0.01967945205479452 0.805589530332681 0.037145205479452055 0.047862035225048886
0 0.4249876712328767 0.9739359099804304 0.031504109589041096 0.04198140900195703
0 0.20287534246575342 0.7562622309197652 0.02677534246575343 0.041399217221134973
1 0.05353424657534246 0.7669667318982388 0.06441643835616438 0.020988258317025485
1 0.2822849315068493 0.8643639921722114 0.5501260273972602 0.06297455968688835