0 0.273734559429042 0.6599191572758452 0.03391435629975294 0.030225379715825604
1 0.23751303870436452 0.5788951494365507 0.042382651660719216 0.012596766291033824
0 0.267386769146308 0.6066021558059775 0.018385945649190234 0.06801077902988728
0 0.20973648092231675 0.5671386575208232 0.013170463903376312 0.0512199902008819
1 0.35584408454570415 0.6998015678588927 0.24131759538841618 0.01763351298383146
0 0.1690694482569311 0.6204556589906908 0.06825693110074116 0.07388535031847132
0 0.3280908591819929 0.6683145516903479 0.033398298105956584 0.06381185693287604
0 0.3469283557507549 0.6101984321411072 0.02155915454295915 0.036153846153846134
0 0.255859181992863 0.6238143067123958 0.005690365083722212 0.021827535521803016
0 0.1128575349986275 0.8668887800097992 0.1778589074938238 0.2544047035766781
0 0.3511405435080977 0.9470725134737873 0.03904199835300577 0.09907398334149928
0 0.28031979138073015 0.6032435080842724 0.007573428493000283 0.026026457618814253
0 0.34996431512489706 0.7753674669279765 0.08655503705737028 0.14525722684958356
0 0.24245539390612136 0.6653748162665362 0.0268652209717266 0.04618324350808427
0 0.2135190776832281 0.7140813326800588 0.03955531155640956 0.04952474277315038
0 0.09592094427669504 0.8505071043606075 0.1910293713972001 0.2418275355218031