0 0.32366164383561646 0.8639432485322897 0.09309863013698629 0.2552446183953033
0 0.37726301369863013 0.7249853228962817 0.009402739726027442 0.042818003913894426
0 0.04263698630136986 0.7946746575342466 0.08527397260273972 0.06800880626223091
0 0.19635205479452053 0.7000195694716244 0.022375342465753414 0.025890410958904035
0 0.3909849315068493 0.5667612524461839 0.037224657534246544 0.04547945205479454
0 0.40053698630136986 0.7669667318982387 0.010816438356164389 0.11334637964774955
0 0.42902602739726026 0.6052446183953033 0.03689589041095893 0.032651663405088065
0 0.34565753424657536 0.6227030332681018 0.016849315068493152 0.051775929549902115
0 0.4249438356164384 0.6702592954990215 0.037876712328767125 0.10670254403131112
0 0.4374465753424657 0.9080234833659491 0.0714684931506849 0.17716242661448137
1 0.36777534246575344 0.6769300391389432 0.07840547945205481 0.009094911937377761
1 0.22673698630136985 0.7094765166340509 0.13243835616438354 0.009814090019569444
0 0.4105780821917809 0.5562622309197651 0.0228547945205479 0.015166340508806261
0 0.1108986301369863 0.7619275929549902 0.09826849315068494 0.10495107632093943
0 0.3301808219178082 0.5821208414872798 0.01723835616438352 0.030787671232876634
1 0.26021917808219175 0.6905724070450098 0.10465753424657534 0.01679060665362043