0 0.267854790008235 0.6393459088682019 0.022154817458138874 0.022670259676629095
1 0.33662777930277243 0.893672219500245 0.14211089761185836 0.024345908868201777
0 0.4711872083447708 0.8080303772660461 0.07526489157287951 0.37531602155805976
0 0.40461844633543786 0.689750122488976 0.021506999725501 0.10397844194022539
1 0.11451139171012902 0.8265850073493385 0.22902278342025803 0.056256736893679535
0 0.4667183639857261 0.6736893679568838 0.012701070546253145 0.026026457618814253
0 0.5829083173208893 0.9577364037236649 0.04562997529508647 0.07724644781969615
0 0.25915179796870713 0.6746129348358648 0.024507274224540205 0.026031357177854045
0 0.1728328300850947 0.7094561489465948 0.07107878122426571 0.04534051935325819
1 0.37028547900082354 0.7673076923076922 0.05974197090310181 0.023512983831455173
0 0.41206972275597037 0.883953944145027 0.023919846280538046 0.23209211170994612
1 0.3259195717814988 0.6030744732974033 0.06102388141641503 0.02551200391964731
0 0.42462805380181173 0.610548750612445 0.01578918473785341 0.05442430181283692