0 0.3932493150684932 0.7136497064579257 0.015046575342465712 0.025185909980430538
0 0.42616164383561644 0.5977813111545989 0.004701369863013659 0.016795499021526383
0 0.16214931506849317 0.6750269080234834 0.041849315068493154 0.028546966731898306
0 0.4221657534246575 0.970594422700587 0.015515068493150715 0.05881115459882585
0 0.1257095890410959 0.9390900195694716 0.06864657534246575 0.11502935420743635
0 0.30203150684931507 0.610802348336595 0.022567123287671204 0.08818003913894325
0 0.4165246575342466 0.7686448140900196 0.01363561643835616 0.16372798434442273
0 0.45131780821917805 0.6821648727984344 0.011753424657534272 0.02434931506849314
0 0.44943698630136986 0.9113943248532289 0.028682191780821934 0.1721037181996086
0 0.41652328767123287 0.87654843444227 0.017397260273972603 0.050357142857142885
0 0.40994109589041094 0.6343052837573385 0.02586027397260277 0.09655577299412922
0 0.06881643835616438 0.7686448140900196 0.13635616438356163 0.13181996086105666