0 0.2237054794520548 0.6377250489236791 0.06417260273972603 0.10203522504892365
0 0.18653287671232877 0.7612769080234835 0.04672602739726026 0.05714285714285712
0 0.36997534246575337 0.6762866927592954 0.014575342465753437 0.0344227005870841
0 0.16095068493150685 0.7225954011741683 0.04478356164383562 0.04588551859099814
0 0.1865986301369863 0.8899730919765166 0.021158904109589045 0.04533757338551863
0 0.28707945205479457 0.5457901174168298 0.008306849315068476 0.027010763209393364
0 0.2551041095890411 0.7082191780821917 0.005583561643835615 0.019823874755381596
0 0.051543835616438355 0.8843933463796477 0.10147123287671234 0.12518590998043058
0 0.15475616438356166 0.8540117416829746 0.01684383561643836 0.04060665362035225
0 0.18590958904109586 0.8095914872798433 0.03448219178082192 0.06647260273972609
0 0.2434917808219178 0.9168395303326811 0.021158904109589045 0.16288649706457928
1 0.10804109589041094 0.7077544031311155 0.16271232876712327 0.03175146771037175
0 0.09092739726027398 0.8541609589041096 0.04704931506849315 0.06763698630136987
0 0.33376986301369865 0.6578155577299413 0.023041095890410934 0.07304794520547943
1 0.2542794520547945 0.6943542074363992 0.13076164383561642 0.009109589041095836
0 0.1171123287671233 0.8010469667318982 0.03193424657534247 0.04083170254403133
0 0.1365767123287671 0.763087084148728 0.01266027397260275 0.03307240704500974
0 0.32107671232876706 0.8454696673189823 0.029627397260274 0.3005870841487279
0 0.2745164383561644 0.5962279843444227 0.02399726027397258 0.0752446183953033
0 0.22865479452054793 0.714339530332681 0.014071232876712332 0.030900195694716283
0 0.09807397260273973 0.9353962818003914 0.0765095890410959 0.1245303326810176
0 0.24808082191780823 0.5696991193737769 0.021767123287671244 0.02915362035225045
2 0.24985753424657534 0.6635445205479451 0.029101369863013708 0.05803816046966726