0 0.32683777106780126 0.6001102400783929 0.05390063134779025 0.10145516903478684
0 0.28055586055448806 0.6095394414502694 0.03156464452374414 0.02350808427241549
0 0.07167307164424926 0.9479127878490936 0.06068350260774087 0.09068103870651638
0 0.3609442766950316 0.5342773150416462 0.011342300301948926 0.011337579617834333
0 0.22714109250617623 0.6779715825575697 0.05456766401317594 0.05793238608525233
0 0.22763930826242107 0.8223885350318471 0.05556409552566565 0.19059774620284173
0 0.15187620093329673 0.7426212640862323 0.05268460060389789 0.04282214600685943
0 0.44096486412297553 0.974360607545321 0.021216030743892385 0.04785889269965706
0 0.44804282185012345 0.8882974032337089 0.013642602250892134 0.0890004899559039
0 0.4158207521273676 0.828265556099951 0.031987373044194335 0.10327290543851063
0 0.16460197639308263 0.9302792748652621 0.0762530881141916 0.12258696717295446
0 0.02395004117485589 0.8715066144047036 0.044265715069997255 0.04702106810387067
2 0.40288498490255287 0.646484566389025 0.03998353005764476 0.15113669769720728