0 0.44991765028822406 0.5850391964723175 0.02422728520450178 0.04712885840274378
0 0.36566291517979693 0.6044757471827537 0.012522646170738436 0.022836844683978393
0 0.4398105956629152 0.8278441940225381 0.020697227559703567 0.24181283684468408
0 0.28123799066703264 0.9714208721215091 0.022580290968981637 0.05037726604605582
0 0.48081526214658254 0.7541303282704556 0.04410101564644526 0.15403233708966188
0 0.17541998353005767 0.9151665850073494 0.07813615152346966 0.14441450269475747
0 0.4154803733186934 0.7091866731994121 0.026135053527312664 0.06122488975992162
2 0.1431965413121054 0.7594169524742773 0.11059291792478726 0.11167074963253311
0 0.42475844084545705 0.9609260166585007 0.012228932198737354 0.07136697697207245
0 0.5712668130661542 0.8547133757961783 0.11153170463903381 0.26364527192552667
0 0.5399629426297008 0.9284786869181774 0.02912709305517434 0.12332680058794711
0 0.4857136975020587 0.6603527682508574 0.008166346417787537 0.029642332190102892