0 0.4322316771891298 0.5591866731994122 0.030260774087290696 0.03488486036256739
0 0.16767773812791653 0.942626163645272 0.05679385122152072 0.11474767270945617
1 0.24380455668405163 0.6528784909358158 0.06616524842163055 0.011469867711905968
0 0.4309785890749382 0.6145884370406663 0.015753499862750507 0.0298334149926506
0 0.375061762283832 0.61734443900049 0.019736480922316734 0.021068103870651642
0 0.3971959923140269 0.6502474277315041 0.026085643700247043 0.02551200391964731
0 0.11435355476255832 0.7733194512493876 0.22870710952511664 0.18074963253307194
0 0.41758715344496294 0.5892748652621265 0.04064232775185286 0.030975012248897614
1 0.18805517430688995 0.8178490935815776 0.030812517156189954 0.007760901518863374
0 0.38424375514685705 0.5906001959823616 0.03312105407631075 0.03077413032827043
0 0.2214973922591271 0.667219500244978 0.04801811693659071 0.025982361587457117
1 0.378204776283283 0.8456638902498775 0.30019214932747734 0.06761391474767271
0 0.3936686796596212 0.6933684468397844 0.015446060938786709 0.05992650661440468
0 0.2915618995333516 0.6430401763841255 0.13157287949492175 0.08177853993140621
0 0.46071918748284385 0.9247427731504165 0.04990392533626131 0.1505144536991671
0 0.3935684875102937 0.6252866242038216 0.013379083173208897 0.018559529642332245
0 0.4412023057919297 0.7463988241058305 0.02827340104309635 0.18303772660460566