2 0.16483118309085917 0.8731847133757962 0.17173757891847374 0.21998040176384126
1 0.2786878945923689 0.620578147966683 0.03364809223167717 0.015159235668789725
0 0.24781773263793574 0.655563449289564 0.02221246225638209 0.06064184223419902
1 0.3290076859730991 0.923983341499265 0.059788635739774894 0.03442430181283684
1 0.2779687071095251 0.8731847133757962 0.03109525116662091 0.02350808427241549
0 0.16342163052429318 0.61343949044586 0.02722206972275596 0.050612444879960784
0 0.2963134779028273 0.9428735913767761 0.018863573977491086 0.08732484076433122
0 0.5430414493549273 0.9155854973052425 0.07851221520724677 0.15868691817736408
2 0.3000768597309909 0.7661317981381676 0.0960087839692561 0.15869181773640367
0 0.22968707109525116 0.6197035766780989 0.014702168542410087 0.026237138657520802
1 0.35866044468844355 0.7100930916217542 0.04693933571232501 0.011170994610485034
0 0.2997570683502607 0.6424448799608036 0.03528136151523469 0.09970602645761882
1 0.19799890200384296 0.6147476727094562 0.047367554213560266 0.010494855463008365
1 0.037839692561076034 0.8786428221460069 0.07567938512215207 0.07136697697207256
0 0.19075898984353554 0.5921827535521803 0.02245676640131761 0.028343949044585943
0 0.16749519626681306 0.6211342479176875 0.010005489980785048 0.010930916217540505
0 0.20812654405709582 0.723782459578638 0.02319242382651661 0.05364037236648703
1 0.3560005489980785 0.7831871631553161 0.038111446609936844 0.007775600195982419