0 0.6390282734010431 0.9659627633512984 0.04280538018116926 0.06633023027927491
0 0.20334751578369478 0.9451053405193532 0.058707109525116666 0.10978931896129344
0 0.1420807027175405 0.7434909358157766 0.027872632445786444 0.03918177364037238
0 0.42778891023881416 0.8551322880940716 0.030614877847927525 0.28799118079372854
0 0.30749656876200937 0.9290029397354238 0.03443315948394182 0.13803527682508576
0 0.5423593192423827 0.7808255756981871 0.08279165522920667 0.1931161195492406
0 0.3317691463079879 0.7854262616364528 0.014111995608015331 0.05843704066634002
0 0.29479412572055996 0.8091058304752573 0.02032116387592643 0.05340029397354239
0 0.5011995608015372 0.8110509554140127 0.029634916277792977 0.057094561489465935
0 0.48188306340927806 0.9252425281724646 0.04754323359868236 0.14441940225379715
0 0.06391984628053801 0.8237138657520823 0.12305791929728246 0.13703086722195004