0 0.3213450452923414 0.6458819206271436 0.04551194070820751 0.07206761391474763
0 0.4732102662640681 0.6578196962273396 0.05362887729892942 0.111670749632533
0 0.2234449629426297 0.7532851543361098 0.13886357397749108 0.17027437530622241
0 0.14328712599505902 0.7809921607055366 0.16031567389514137 0.16121019108280255
1 0.37838045566840517 0.6067001469867712 0.0670710952511666 0.014693777560019603
0 0.31330771342300306 0.5948040176384125 0.017677738127916516 0.028686918177364015
0 0.20693659072193246 0.9500097991180793 0.049909415317046374 0.09319941205291525
0 0.07587153444962942 0.8867956883880451 0.15174306889925884 0.09872611464968153
0 0.5392794400219599 0.7959382655560999 0.07766401317595384 0.1645663890249878
0 0.4590749382377161 0.9273419892209701 0.030150974471589327 0.1418961293483586
0 0.15636975020587426 0.8765433610975013 0.04944002195992314 0.06381675649191573
0 0.48661817183639855 0.737579617834395 0.04092780675267634 0.08309652131308189
0 0.300365083722207 0.6371362077413033 0.028641229755695895 0.04617834394904458