0 0.3988164383561643 0.6879770058708414 0.008164383561643822 0.036443248532289634
0 0.39646712328767125 0.6016487279843444 0.009071232876712364 0.017818003913894362
0 0.4828205479452055 0.9353131115459883 0.03902739726027399 0.12426614481409001
0 0.43627123287671227 0.7724217221135029 0.04278904109589043 0.19479452054794524
2 0.2814958904109589 0.6707020547945205 0.069786301369863 0.047578277886497065
0 0.39113287671232877 0.6206898238747554 0.008402739726027416 0.012123287671232863
0 0.3616493150684931 0.6032681017612525 0.003424657534246575 0.012954990215264197
0 0.2439630136986301 0.7535322896281801 0.07664383561643832 0.10327788649706454
0 0.17907671232876712 0.8882925636007828 0.0738191780821918 0.13770058708414876
0 0.4065712328767124 0.6427862035225049 0.0149671232876712 0.034496086105675144
0 0.31909041095890406 0.6133904109589041 0.01414794520547948 0.02526418786692753