0 0.05376986301369863 0.8899730919765166 0.02915068493150685 0.06381115459882575
0 0.06787534246575343 0.8144055772994129 0.06958630136986302 0.06885029354207438
2 0.30665890410958907 0.777563600782779 0.022106849315068507 0.03002935420743634
0 0.3807287671232876 0.5532803326810176 0.008975342465753423 0.0210909980430529
3 0.28888082191780823 0.8204598825831703 0.04506027397260278 0.0495596868884541
0 0.25882602739726024 0.9172504892367906 0.049663013698630104 0.1463502935420744
1 0.20728767123287672 0.7451369863013698 0.17444383561643836 0.009236790606653673
3 0.3220767123287671 0.6975587084148728 0.02645479452054793 0.017211350293542104
3 0.3113082191780822 0.7493542074363991 0.03174520547945209 0.014843444227005832
1 0.36785890410958905 0.7254036203522505 0.19841917808219176 0.020151663405087977
1 0.34348630136986297 0.5317685909980431 0.059838356164383585 0.014623287671232926
0 0.3693753424657534 0.5989579256360078 0.011430136986301378 0.044217221135029405