0 0.25526301369863014 0.8220474559686888 0.03565479452054794 0.08886007827788645
3 0.30797945205479454 0.7768811154598827 0.013542465753424613 0.010963796477495147
0 0.18806438356164382 0.9689236790606653 0.026643835616438356 0.06215264187866926
0 0.3650369863013699 0.8527764187866927 0.021158904109589045 0.018468688845401173
0 0.02720410958904109 0.971834637964775 0.031504109589041096 0.04450097847358123
3 0.2990027397260274 0.7417318982387475 0.01448767123287668 0.01715264187866936
0 0.09499178082191781 0.8969251467710372 0.03609863013698632 0.03426125244618394
0 0.10164794520547944 0.8626272015655577 0.011010958904109589 0.025890410958904146
2 0.24703698630136986 0.936095890410959 0.08581643835616436 0.12104696673189816
2 0.2932698630136986 0.841986301369863 0.041142465753424645 0.07276908023483367
0 0.13786986301369863 0.8744618395303327 0.021224657534246582 0.034500978473581204
0 0.17214109589041096 0.8730063600782778 0.012539726027397287 0.023801369863013743