0 0.4450274499039254 0.5985374816266537 0.01273950041174858 0.035565899069083855
0 0.3965056272303047 0.6617613914747674 0.005171561899533391 0.027697207251347365
0 0.22666209168267912 0.6813473787359138 0.12701070546253088 0.13602155805977467
0 0.43979000823497116 0.7016046055854973 0.006261323085369187 0.02186673199412047
0 0.524696678561625 0.7591621754042135 0.043513587702443034 0.07136697697207256
0 0.4195086467197365 0.6078270455658991 0.016332692835575074 0.08017148456638908
0 0.4195086467197365 0.6807104360607545 0.032121877573428485 0.11029887310142093
0 0.4177408729069448 0.7693875551200393 0.03620642327751849 0.1253601175894169
0 0.39134230030194894 0.936577658010779 0.01605270381553665 0.12174914257716805
0 0.5866332692835575 0.8606197942185204 0.08506450727422457 0.13293973542381193
0 0.5050947021685424 0.7738657520823126 0.049003568487510286 0.10353748162665358
0 0.4688361240735657 0.6696031357177853 0.04468844359044742 0.10075453209211176
0 0.4565330771342301 0.9010656540911318 0.04464452374416692 0.13993630573248414
2 0.2608317320889377 0.7496325330720235 0.18254186110348614 0.3076923076923077
0 0.5799684326104858 0.9135154336109751 0.10231402690090585 0.17296913277804996
0 0.38539390612132857 0.5492650661440471 0.007872632445786395 0.0128270455658991
0 0.42672385396651114 0.894750122488976 0.060161954433159505 0.20213130818226357
0 0.08130524293164976 0.8284492895639393 0.162572055997804 0.16624693777560018