0 0.12414493549272579 0.8022366487016168 0.24371671699149053 0.24265066144047034
0 0.2031732088937689 0.8513547280744733 0.16468844359044743 0.25692797648211657
0 0.266918748284381 0.8563988241058305 0.11436453472412847 0.2854581087702107
0 0.6264603348888278 0.9523468887800098 0.0411611309360418 0.08885840274375313
0 0.32886357397749105 0.6591180793728566 0.05520724677463626 0.06063694267515923
0 0.4315564095525666 0.7308672219500244 0.024979412572056 0.05793238608525233
1 0.5027614603348888 0.6723958843704068 0.03382377161679935 0.012552670259676687
0 0.27783557507548723 0.6353037726604607 0.09484765303321441 0.06761881430671239
1 0.22022783420258027 0.6743777560019599 0.0635190776832281 0.01052915237628614
0 0.45967471863848475 0.6290298873101421 0.04468569860005489 0.1239098481136697
1 0.38522097172659897 0.7023199412052915 0.18153170463903376 0.022670259676629095
0 0.44710266264068077 0.7707520823125918 0.019289047488333787 0.08900048995590401