1 0.2775061762283832 0.7879666829985301 0.09599505901729342 0.036119549240568254
1 0.05008921218775734 0.981499265066144 0.10017842437551468 0.031905928466437965
0 0.2749121603074389 0.9348971092601666 0.03815262146582487 0.1284615384615385
0 0.31254597858907496 0.7757863792258697 0.06543782596760911 0.1410583047525722
0 0.42071095251166624 0.7061979421852033 0.039500411748558846 0.10421362077413035
1 0.2015042547351084 0.7535374816266536 0.24884435904474334 0.0965605095541401
1 0.48941668954158657 0.9617662910338071 0.2027916552292067 0.07472317491425771
1 0.3842561076036234 0.7254115629593337 0.08843535547625585 0.011793238608525202
0 0.400452923414768 0.6191964723174914 0.01905572330496839 0.06073493385595298
1 0.4672824595113917 0.7279299363057324 0.05785890749382376 0.01342969132778054
0 0.3494633543782597 0.6393434590886821 0.04710129014548453 0.1301322880940716