0 0.4101753424657534 0.6397627201565558 0.030093150684931486 0.09068003913894321
0 0.46307260273972606 0.7237230919765166 0.047487671232876755 0.07052837573385512
0 0.5171438356164384 0.828679060665362 0.03338356164383559 0.11251467710371821
0 0.4275739726027397 0.7636081213307241 0.03385479452054799 0.13518101761252443
0 0.2500753424657534 0.6573923679060666 0.1434109589041096 0.07556751467710374
0 0.4872876712328767 0.9025660469667318 0.03197260273972604 0.1477739726027397
0 0.3377671232876712 0.9382485322896281 0.0545424657534247 0.10663405088062625
0 0.04356164383561644 0.8906555772994129 0.08712328767123288 0.1697651663405088
0 0.26582602739726024 0.8521893346379648 0.04795890410958903 0.11754892367906065
0 0.3405876712328767 0.7065117416829746 0.07899452054794519 0.07472602739726028
0 0.3925438356164383 0.7207876712328767 0.03620547945205476 0.04785714285714283
0 0.4626027397260274 0.7762035225048923 0.009873972602739716 0.036105675146771016
0 0.35186575342465753 0.825746086105675 0.05173150684931505 0.16709882583170252
0 0.44144383561643835 0.8945914872798435 0.030564383561643822 0.19227495107632092
1 0.2439630136986301 0.7354818982387475 0.1687972602739726 0.03358610567514682
0 0.12171369863013698 0.739258806262231 0.11237534246575344 0.10327299412915847