0 0.4381649739225913 0.7380034296913277 0.028693384573153985 0.053733463988240984
0 0.16791655229206698 0.709875061244488 0.04327751852868514 0.036104850563449316
0 0.34827889102388143 0.6235448309652132 0.007263244578643985 0.01883880450759434
0 0.31814850398023603 0.6032018618324351 0.022539116113093578 0.040230279274865326
0 0.5044921767773812 0.8786428221460069 0.09266813066154272 0.24097011268985788
1 0.3533283008509471 0.5837579617834395 0.05734559429042001 0.01574718275355212
1 0.22271891298380456 0.6813302302792749 0.0691490529783146 0.019309162175404144
0 0.4005078232226188 0.6048162665360118 0.005715069997254992 0.028182263596276326
0 0.3656793851221521 0.6276923076923077 0.014372769695306039 0.07288584027437531
0 0.4139994510019215 0.879421852033317 0.028108701619544357 0.24115629593336602
1 0.24595525665660173 0.6352694757471827 0.02253911611309361 0.012243998040176389
2 0.4115769969805106 0.6571362077413033 0.07154268460060392 0.10262126408623226
0 0.21410513313203405 0.6556785889269966 0.043121054076310714 0.03557079862812342
0 0.3143288498490255 0.5756026457618814 0.030419983530057627 0.022493875551200432
1 0.4537167169914905 0.6638412542871142 0.031034861377985223 0.0204115629593337
0 0.5320120779577271 0.8513547280744733 0.04609936865220967 0.060455658990690775
0 0.4065371946198188 0.5691009309162176 0.005745264891572897 0.018466438020578176
0 0.4208646719736481 0.5921068103870651 0.0031512489706286076 0.008995590396864345
0 0.3174828438100467 0.9319598236158746 0.023568487510293685 0.13098481136697693
0 0.3047817732637936 0.7888020578147967 0.0480263519077683 0.23593826555609992
0 0.41010705462530883 0.7273958843704067 0.011106231128191061 0.0390641842234199
0 0.4659676091133681 0.7387677609015189 0.027438923963766137 0.05481136697697202
0 0.2635945649190228 0.626232239098481 0.01600603897886356 0.019823615874571196
0 0.5023853966511117 0.7740568348848603 0.084650013724952 0.14115629593336607
0 0.17897200109799616 0.8421190592846644 0.2121520724677464 0.3089808917197452
0 0.4144331594839418 0.6045712885840274 0.00465550370573704 0.024292013718765274
0 0.38013313203403787 0.6094316511513963 0.012821850123524577 0.03012248897599217
0 0.3958934943727697 0.5734664380205781 0.00882239912160304 0.014341009309162166
0 0.2631498764754323 0.8295247427731504 0.013689267087565194 0.055414012738853456