0 0.4816991490529783 0.6329568838804507 0.038336535822124644 0.03968152866242039
0 0.49723991216030744 0.6031945124938755 0.010889376887180915 0.027937285644292115
1 0.35659483941806197 0.6098775110240079 0.13202031292890476 0.017814796668299916
0 0.48079192972824597 0.600563449289564 0.021550919571781495 0.03562959333659961
0 0.5232130112544606 0.6282998530132289 0.022912434806478185 0.07248407643312094
0 0.5248572604995883 0.5613547280744733 0.017647543233598673 0.02922586967172948
0 0.5494166895415865 0.9197844194022538 0.05268460060389784 0.14693777560019602
1 0.306471314850398 0.6236109750122488 0.11992039527861656 0.024487996080352778
0 0.27216991490529785 0.627983831455169 0.02191874828438101 0.023904948554630066
0 0.5386398572604996 0.5239465948064674 0.013392808125171613 0.011812836844684042
0 0.5344372769695306 0.5385105340519353 0.00810595662915179 0.00898579127878487