0 0.24654931506849315 0.9840117416829746 0.009405479452054806 0.026868884540117453
0 0.08315616438356166 0.7631873776908024 0.12366027397260275 0.10747064579256364
0 0.3100246575342466 0.779559686888454 0.09968219178082192 0.18555772994129158
0 0.2912164383561644 0.9260763209393347 0.05736438356164387 0.11251467710371821
0 0.3673328767123287 0.6231898238747555 0.05284109589041099 0.07328767123287669
0 0.5139260273972602 0.7366854207436399 0.049205479452054834 0.07369373776908018
0 0.3319917808219178 0.5656531311154599 0.024093150684931522 0.027274951076320938
0 0.4231643835616438 0.5853351272015656 0.0102356164383562 0.019965753424657506
1 0.4496205479452055 0.6190777886497064 0.028501369863013753 0.014907045009784748
0 0.16782191780821917 0.7423140900195695 0.023605479452054785 0.03522504892367906
0 0.28790136986301373 0.61176614481409 0.06440547945205484 0.06832681017612528
0 0.37001917808219176 0.5729647749510762 0.017950684931506845 0.028962818003913916
0 0.3283287671232877 0.6171135029354208 0.0219945205479452 0.04251467710371813
1 0.3751164383561644 0.6759735812133073 0.05909863013698631 0.038483365949119414
0 0.26302328767123284 0.6543688845401174 0.08095068493150685 0.056281800391389414
1 0.39850821917808216 0.635741193737769 0.06575616438356165 0.024701565557729947
0 0.40665068493150686 0.8471501956947163 0.03620547945205476 0.30226516634050876
0 0.16003287671232877 0.9311130136986302 0.07899178082191781 0.13433953033268098
0 0.1993068493150685 0.7037671232876712 0.046936986301369873 0.04251467710371824
0 0.2162219178082192 0.8190239726027397 0.041846575342465754 0.06800880626223091
1 0.21761917808219178 0.7451590019569472 0.07211506849315066 0.04325342465753418
0 0.41174931506849316 0.6090949119373777 0.012282191780821898 0.02642857142857142
0 0.4613520547945205 0.8223776908023483 0.07287945205479451 0.35012720156555777
1 0.20437260273972604 0.6897725048923679 0.2750958904109589 0.07433953033268093
0 0.433086301369863 0.6133121330724071 0.006769863013698578 0.03318003913894322
0 0.39891506849315067 0.5856164383561644 0.011808219178082167 0.009275929549902171