0 0.46561076036233867 0.7425649191572758 0.03837496568762008 0.08267025967662911
0 0.4382377161679934 0.6632680058794709 0.014427669503156723 0.012631063204311599
0 0.4493494372769695 0.5563988241058305 0.004633543782596791 0.008682018618324364
0 0.4762928904748833 0.6489294463498286 0.012097172659895735 0.03306712395884371
0 0.2747474608838869 0.6587775600195983 0.009610211364260223 0.016869181773640402
0 0.0988622014822948 0.7731014208721215 0.06162228932198737 0.07220970112689852
0 0.3960307438923964 0.7157471827535521 0.043310458413395606 0.14771190592846645
0 0.46515509195717814 0.608079372856443 0.009783145758989871 0.016589906908378197
0 0.24388004391984627 0.7012322390984812 0.04026626406807574 0.06815776580107785
0 0.27008921218775733 0.8877119059284665 0.04092506176228384 0.13853993140617343
0 0.4735396651111721 0.8801518863302302 0.06585506450727419 0.2392944634982851
0 0.34831320340378813 0.6279838314551691 0.03403513587702443 0.027256246937775543
0 0.16942217952237165 0.7197844194022538 0.03810321163875928 0.03946104850563448
0 0.47076996980510566 0.6824620284174424 0.02014548449080431 0.04421852033317002
0 0.28648366730716446 0.6700244977951985 0.0031512489706286076 0.011807937285644247
0 0.3815111172110897 0.5860485056344928 0.024564919022783422 0.020955414012738843
1 0.2595704090035685 0.7175967662910339 0.02665660170189405 0.01113669769720726
0 0.5443357123250069 0.7844365507104359 0.08231951688169094 0.15869181773640378
0 0.4078836124073566 0.5997574718275356 0.006708756519352197 0.017339539441450207
0 0.41564370024704916 0.7862003919647231 0.046549547076585214 0.044698677119059296
0 0.20681992863024978 0.6920749632533072 0.019755695855064485 0.027707006369426728
0 0.2293961021136426 0.7886330230279275 0.029157287949492152 0.11503184713375794