0 0.538068493150685 0.9122235812133073 0.012224657534246546 0.05121819960861059
1 0.3624506849315069 0.9319520547945206 0.043728767123287646 0.013434442270058727
0 0.4515534246575343 0.7589897260273972 0.02727123287671232 0.08899706457925628
1 0.3551643835616438 0.7514310176125244 0.062065753424657526 0.02015166340508809
0 0.43556575342465753 0.6179329745596868 0.01128493150684933 0.11250978473581215
0 0.4912835616438356 0.8400146771037182 0.06065479452054797 0.0848043052837574
0 0.47764794520547943 0.7090313111545988 0.016457534246575325 0.06129158512720166
0 0.4106465753424658 0.7081898238747554 0.047961643835616484 0.06633072407045006
0 0.35328219178082193 0.726242661448141 0.029150684931506875 0.026868884540117453
0 0.3405876712328767 0.9655381604696673 0.014106849315068495 0.0654892367906066
0 0.4193452054794521 0.8626834637964775 0.07476164383561641 0.12510273972602742
0 0.31190547945205477 0.7950954011741684 0.028210958904109597 0.060454990215264154