0 0.31076722481471314 0.6601690347868692 0.039854515509195734 0.06238608525232726
0 0.5106231128191051 0.8075110240078394 0.08349711776008786 0.2308966193042626
1 0.30268322810870163 0.7066144047035767 0.20349986275048035 0.06761391474767271
1 0.2906931100741147 0.7552155805977462 0.2333214383749657 0.04617834394904458
0 0.6844221795223716 0.8013963743263107 0.08091133681032123 0.11334639882410578
1 0.42988608289870983 0.8387604115629592 0.21262421081526212 0.053738363547280774
0 0.845535273126544 0.9575673689367957 0.030576447982432028 0.04617834394904458
1 0.285900356848751 0.6434443900048995 0.027902827340104273 0.02875061244487988
0 0.2297556958550645 0.645874571288584 0.048092231677189144 0.04413522782949531
0 0.2895306066428767 0.6092283194512493 0.038336535822124616 0.03482116609505141
1 0.2805160581937963 0.8732827045565899 0.5397913807301674 0.1259480646741794