1 0.41088630136986304 0.7283488258317025 0.05218356164383563 0.010905088062622402
0 0.2783424657534247 0.7952592954990215 0.03757808219178081 0.09815068493150679
0 0.31138219178082194 0.5770963796477495 0.006424657534246588 0.01282289628180041
0 0.32593287671232873 0.6101638943248532 0.004912328767123243 0.04116927592954995
0 0.1398150684931507 0.6960176125244618 0.08275342465753426 0.06717221135029353
0 0.23154246575342466 0.9204672211350293 0.0636986301369863 0.15906555772994135
0 0.3123424657534247 0.6896771037181996 0.03292602739726029 0.11953033268101758
0 0.06317260273972602 0.771164383561644 0.06958904109589041 0.07472602739726028
3 0.23903698630136988 0.8006066536203523 0.01714246575342464 0.019432485322896296
1 0.29215753424657537 0.6771257338551859 0.04607945205479454 0.009231898238747612
0 0.03182191780821918 0.7829207436399217 0.06364383561643835 0.05289628180039133
1 0.24043561643835615 0.756472602739726 0.11378630136986302 0.013434442270058727