0 0.4012424657534247 0.7871183953033267 0.017865753424657543 0.06968688845401166
0 0.1727287671232877 0.9180993150684932 0.0771123287671233 0.13349804305283752
0 0.28933698630136984 0.7375782778864971 0.09121643835616437 0.07640900195694719
0 0.42310684931506853 0.6288478473581214 0.04936986301369864 0.06885029354207438
1 0.4256931506849316 0.8589041095890411 0.1974794520547945 0.026868884540117342
0 0.40711917808219183 0.704412915851272 0.01833698630136988 0.04869863013698628
0 0.31046575342465754 0.5699510763209393 0.014964383561643806 0.0072896281800391835
0 0.3556342465753425 0.6599119373776908 0.02633150684931504 0.030225048923679047
0 0.44026849315068495 0.8920694716242661 0.03385205479452053 0.2040313111545989
0 0.35892465753424657 0.7178473581213308 0.017865753424657543 0.03190802348336596
0 0.3865178082191781 0.5901174168297455 0.007621917808219161 0.014579256360078256