1 0.26606027397260273 0.835817025440313 0.5299068493150685 0.03443248532289622
0 0.40710273972602745 0.6000684931506849 0.007257534246575345 0.010929549902152714
0 0.132527397260274 0.9290166340508805 0.08604657534246575 0.1368590998043053
2 0.5241972602739726 0.7787230919765167 0.05689315068493153 0.10159491193737762
0 0.4188931506849315 0.5990557729941292 0.004536986301369848 0.008101761252446157
0 0.39485890410958907 0.586910469667319 0.008616438356164395 0.008909001956947181
0 0.40052739726027403 0.5393321917808219 0.010430136986301353 0.017411937377690874
2 0.5575808219178082 0.8752788649706458 0.041846575342465754 0.09319960861056752
0 0.3958780821917808 0.59763698630137 0.0070273972602739355 0.008502935420743582
0 0.46165068493150685 0.6787744618395303 0.015745205479452063 0.014055772994129167
0 0.4048301369863014 0.5731433463796478 0.006810958904109561 0.015386497064579278