0 0.2622097172659896 0.6212959333659971 0.07483941806203678 0.08900048995590401
0 0.20364534724128466 0.6422856442920137 0.13082075212736755 0.11923076923076918
0 0.255859181992863 0.703579127878491 0.08189678836124074 0.10411073003429691
0 0.3995923689267088 0.633890249877511 0.028693384573153985 0.2317393434590887
0 0.3377093055174307 0.6074424301812836 0.05837771067801258 0.14693777560019602
0 0.42943864946472693 0.8278441940225381 0.04050233324183364 0.04870161685448303
0 0.3167773812791655 0.5637800097991181 0.02591819928630252 0.04114159725624695
0 0.48306478177326373 0.7589955903968644 0.06957178149876476 0.18303772660460566
0 0.11071644249245127 0.7539563939245468 0.2112105407631073 0.2031896129348359
2 0.22104858632994784 0.8530328270455659 0.17974197090310184 0.2921901028907399
0 0.5484751578369476 0.9504311611954924 0.038575349986275105 0.09404213620774134