0 0.2173972602739726 0.7820792563600782 0.051720547945205475 0.09319960861056752
0 0.06575890410958904 0.7421966731898239 0.11143561643835617 0.09908023483365948
0 0.544886301369863 0.958820939334638 0.03620547945205476 0.07556751467710374
0 0.2964643835616438 0.5867123287671233 0.011356164383561657 0.027328767123287735
0 0.11489589041095888 0.8861937377690803 0.15140273972602736 0.18891389432485328
0 0.23902602739726028 0.7094520547945204 0.014106849315068495 0.025185909980430427
0 0.3327068493150685 0.555584637964775 0.003950684931506807 0.02342954990215258
0 0.3206232876712329 0.5963307240704502 0.009635616438356122 0.02429549902152646
0 0.20940273972602738 0.7296012720156555 0.0394958904109589 0.03694227005870841
0 0.16920273972602737 0.7971917808219178 0.0568931506849315 0.07136986301369869
0 0.2915506849315068 0.6099951076320939 0.005309589041095858 0.01653620352250487
0 0.15791780821917809 0.664112035225049 0.06911780821917808 0.06381115459882586
0 0.30402191780821913 0.6174192759295499 0.005309589041095858 0.021932485322896357
0 0.278286301369863 0.6754452054794521 0.058775342465753416 0.08816046966731901
0 0.3115808219178082 0.5905944227005872 0.0037972602739726378 0.010797455968688814
0 0.28343561643835613 0.6184295499021526 0.014361643835616427 0.032054794520547936
2 0.23469315068493152 0.608458904109589 0.048695890410958904 0.04245596868884539
1 0.5872041095890411 0.9638600782778866 0.057832876712328805 0.030225048923679047
0 0.304882191780822 0.583167808219178 0.002832876712328745 0.010797455968688814
0 0.264813698630137 0.5806409001956947 0.013435616438356186 0.010459882583170196