0 0.5300753424657535 0.8248997064579257 0.02633150684931504 0.07640410958904113
0 0.3234260273972603 0.6540362035225048 0.030561643835616426 0.0570939334637965
0 0.5579150684931508 0.5827788649706458 0.04843287671232882 0.03109589041095888
0 0.5300753424657535 0.9252348336594911 0.03667671232876715 0.11922700587084151
0 0.7368232876712328 0.6998776908023484 0.02258356164383557 0.022837573385518624
0 0.3757287671232876 0.6154329745596869 0.004328767123287659 0.010543052837573364
0 0.6087986301369862 0.6226223091976516 0.05224383561643837 0.048101761252446154
0 0.4872876712328767 0.7228864970645792 0.039495890410958925 0.07556751467710374
0 0.7064835616438356 0.6770425636007827 0.037005479452054714 0.03158023483365958
1 0.8266164383561644 0.7681482387475538 0.01986301369863014 0.05150195694716242
0 0.2039972602739726 0.8731800391389434 0.04466849315068492 0.06717221135029353