0 0.29394317869887454 0.6384786869181773 0.019925885259401633 0.02973542381185696
2 0.24248421630524294 0.6892871141597257 0.04458413395553117 0.07591866731994122
0 0.21144935492725775 0.5328025477707007 0.005199011803458672 0.008152866242038153
1 0.23036096623661817 0.8158476237138658 0.4597886357397749 0.08902988731014211
0 0.35209031018391435 0.6250685938265556 0.019925885259401633 0.02973542381185685
0 0.5487098545155092 0.8979544341009309 0.11901180345868788 0.17380205781479668
0 0.2144880592917925 0.9533684468397843 0.023519077683228126 0.08648211660950514
0 0.2151523469667856 0.5430671239588437 0.0031512489706286076 0.007310142087212075
0 0.4322769695306066 0.7225992160705536 0.10584957452648913 0.16245467907888286
0 0.32318007136975013 0.6874571288584027 0.0137222069722756 0.08921117099461057
0 0.35372357946747185 0.6533463988241058 0.010779577271479544 0.024487996080352778
0 0.20388827889102387 0.5728735913767762 0.00803458687894592 0.011812836844683929