1 0.37839967060115287 0.6796496815286625 0.16516058193796318 0.02434590886820189
0 0.16107191874828436 0.6863669769720725 0.03720834477079329 0.03946594806467427
0 0.3119420807027175 0.5485080842724155 0.009802360691737589 0.06997060264576196
0 0.38994784518254183 0.6762910338069573 0.020697227559703504 0.08144047035766783
2 0.3246774636288773 0.5470627143557079 0.014383749656876227 0.056585007349338565
2 0.29678424375514684 0.6385080842724156 0.055555860554488086 0.10831455169034784
0 0.21023057919297283 0.6212959333659971 0.07060664287674993 0.08228809407153359
0 0.47979687071095256 0.7300293973542381 0.032928904748833386 0.07976482116609514
2 0.37771891298380456 0.5998848603625673 0.032928904748833386 0.07472317491425771
0 0.2730688992588526 0.5435546300832925 0.006533077134230049 0.02507104360607549
0 0.4077998902003843 0.8030744732974031 0.04887455393906126 0.17716315531602153
0 0.08178698874553939 0.811891229789319 0.15805654680208622 0.18975992160705535
0 0.1396692286576997 0.687626163645272 0.03861926983255557 0.04365997060264571
2 0.3563697502058743 0.5453037726604605 0.020908591819928588 0.028569328760411537