0 0.23054794520547944 0.7932485322896282 0.01583561643835615 0.03913894324853229
0 0.4219041095890411 0.8152152641878669 0.038767123287671235 0.3695694716242662
0 0.18307808219178082 0.6636961839530332 0.06675890410958907 0.05626712328767123
1 0.23887671232876714 0.8627690802348337 0.3504109589041096 0.03776908023483357
1 0.48517260273972607 0.8702397260273973 0.1387068493150685 0.031066536203522503
0 0.4129109589041096 0.5487157534246575 0.010068493150684931 0.012147749510763174
0 0.27076301369863015 0.7077739726027398 0.06535616438356164 0.09739726027397257
0 0.3854904109589041 0.6053375733855185 0.009873972602739716 0.04701565557729937
0 0.2635753424657534 0.6018248532289628 0.09800000000000002 0.06411937377690811
0 0.421741095890411 0.5742270058708414 0.009821917808219153 0.01846379647749511
0 0.4210602739726027 0.6045963796477496 0.0111835616438356 0.01797945205479452
0 0.1108986301369863 0.7543737769080235 0.04466849315068494 0.04450097847358123
0 0.39888493150684934 0.5557607632093933 0.004926027397260279 0.03206947162426612