0 0.35196712328767127 0.7727030332681019 0.016575342465753425 0.1093688845401174
0 0.2719041095890411 0.6726198630136987 0.035430136986301354 0.048292563600782795
3 0.33399999999999996 0.6189456947162426 0.009709589041095843 0.007030332681017559
3 0.3499438356164384 0.5846183953033268 0.03424931506849315 0.04522504892367909
2 0.3190547945205479 0.794043542074364 0.0321972602739726 0.09640410958904107
3 0.2686479452054794 0.7929941291585128 0.06864931506849313 0.09823874755381602
2 0.21572328767123286 0.745068493150685 0.035600000000000014 0.059931506849315065
2 0.1905342465753425 0.8099633072407045 0.0841205479452055 0.06483855185909979
2 0.14540958904109588 0.7398287671232877 0.10052328767123288 0.11280821917808216
2 0.04778082191780822 0.8565215264187866 0.0948054794520548 0.1173874755381605
2 0.24303835616438355 0.9138698630136987 0.13713972602739724 0.1423679060665362
2 0.29835205479452054 0.7267539138943249 0.10113150684931507 0.03687377690802354
0 0.44073972602739725 0.8106164383561645 0.05358904109589038 0.3282778864970646
3 0.31563561643835614 0.6692123287671232 0.04875068493150687 0.08267123287671223