0 0.3278917808219178 0.6242294520547945 0.03291232876712326 0.07473091976516634
0 0.0471027397260274 0.8626859099804305 0.0942054794520548 0.10663405088062625
0 0.2980342465753425 0.704415362035225 0.03808493150684928 0.0822847358121331
0 0.21386986301369862 0.6725073385518591 0.0456082191780822 0.050376712328767136
1 0.33494520547945206 0.7640288649706458 0.3940219178082192 0.03358610567514682
1 0.1250041095890411 0.69728228962818 0.13212328767123288 0.010905088062622402
0 0.2688835616438356 0.6015582191780822 0.06629863013698634 0.08983855185909986
0 0.15744794520547944 0.6548752446183953 0.042786301369863 0.04198140900195692
1 0.27687945205479453 0.7081800391389432 0.16974794520547945 0.026007827788649636
0 0.14216575342465754 0.7543713307240705 0.0978 0.1133512720156556
1 0.07084794520547946 0.7430381604696673 0.14169589041095892 0.02182974559686883