0 0.44604446884435905 0.588155316021558 0.026275048037331876 0.0919892209701127
0 0.45989569036508376 0.7581210191082802 0.024046115838594603 0.12552180303772664
2 0.3413930826242108 0.7261832435080842 0.05650562723030467 0.1561685448309652
1 0.4289184737853418 0.6459480646741794 0.04344221795223716 0.02480156785889276
0 0.46588800439198463 0.9109456148946595 0.07780949766675818 0.17810877021068103
1 0.3792423826516607 0.858172464478197 0.049673346143288506 0.05138657520823131
0 0.40677189129838043 0.604186673199412 0.00947021685424101 0.037457128858402654
3 0.30346692286577004 0.6129593336599707 0.009261597584408457 0.007760901518863262
0 0.31797556958550643 0.5999657030867221 0.01903650837222067 0.016168544830965213
0 0.4635890749382377 0.6651592356687898 0.02457589898435355 0.05904948554630082
0 0.4557823222618721 0.532437530622244 0.03850947021685423 0.042376286134247924
0 0.4582953609662367 0.5437359137677609 0.0072303046939335485 0.0222782949534542
0 0.4429728245951139 0.7594732974032338 0.023837496568762048 0.11067613914747666
2 0.2353966511117211 0.9034125428711416 0.2441888553390063 0.18807937285644286