1 0.35556409552566565 0.5690519353258207 0.0343013999451002 0.016036256736893687
0 0.4463505352731265 0.6917417932386085 0.03402964589623937 0.05052915237628619
0 0.13568762009332969 0.8969573738363548 0.1310293713972001 0.1982459578637922
1 0.29613230853692013 0.636156295933366 0.0796266813066154 0.006883880450759521
0 0.24005489980785066 0.6482729054385106 0.043799066703266526 0.04256246937775595
0 0.10873730441943454 0.7978319451249387 0.21628877298929455 0.2565556099951005
0 0.4277930277244029 0.7459799118079373 0.053203403788086724 0.11335129838314559
0 0.22748147131485041 0.7817981381675649 0.07288223991216031 0.13352278294953454
0 0.21956080153719462 0.8866364527192553 0.10453472412846554 0.22564919157275853
0 0.28100741147405983 0.8981920627143557 0.07373593192423826 0.19731504164625185
0 0.4786192698325556 0.9214649681528663 0.031517979687071075 0.15197452229299366
0 0.3055078232226187 0.7523052425281724 0.04903925336261322 0.13924056834884863
1 0.24540763107329125 0.6788731014208721 0.15789184737853415 0.03361097501224897
0 0.4087839692561076 0.5875159235668789 0.04546253088114188 0.05782459578637933
0 0.3329618446335438 0.6638926996570309 0.022706560527038164 0.054664380205781446
1 0.29669914905297834 0.649110730034297 0.09437002470491353 0.009314061734443895
0 0.26847790282734013 0.7401077902988731 0.060793302223442196 0.11545320921117104
1 0.31420395278616525 0.6171043606075454 0.08367005215481745 0.011807937285644247
1 0.395597035410376 0.6339294463498285 0.06399670601152899 0.022675159235668776
0 0.4797721657974197 0.8270063694267517 0.03485588800439199 0.13602155805977467