0 0.3311048586329948 0.6102694757471827 0.005525665660170157 0.027986281234688826
0 0.36828712599505903 0.9768789808917198 0.02921218775734287 0.03609995100440964
0 0.37228520450178426 0.7300293973542381 0.03250343123799069 0.10663400293973536
1 0.1450988196541312 0.7040249877511023 0.12116662091682678 0.025188633023027856
0 0.17683090859181994 0.8962763351298383 0.10259401592094429 0.2023517883390495
0 0.34874004940982706 0.8060166585007349 0.023991216030743917 0.06381185693287604
0 0.06769695306066428 0.7778882900538951 0.13175953884161407 0.08816266536011762
0 0.42847515783694756 0.9122268495835375 0.04704090035684872 0.10999020088192063
0 0.3471630524293165 0.6152229299363058 0.025201756793851206 0.021460068593826532
0 0.1340241559154543 0.8072758451739344 0.057436178973373594 0.061293483586477286
0 0.2584628053801811 0.5929519843214112 0.007510293713972005 0.006883880450759409
0 0.3882788910238814 0.6750318471337579 0.018391435629975295 0.052052915237628616
2 0.051007411474059836 0.8866193042626165 0.10201482294811967 0.13098481136697693
0 0.3228726324457864 0.6630965213130818 0.022775185286851504 0.06786869181773651
0 0.34489431786988745 0.6378980891719744 0.004787263244578659 0.007692307692307714
0 0.1739116113093604 0.7460068593826555 0.04080702717540488 0.05037726604605582
0 0.22349711776008785 0.6645026947574718 0.03178698874553941 0.05805977462028417
0 0.13745539390612133 0.6760387065164135 0.03688718089486688 0.03218520333170018