0 0.37560115289596485 0.6187775600195983 0.05691737578918471 0.025188633023027967
0 0.31771754048860834 0.6574007839294465 0.049440021959923114 0.11586967172954435
0 0.4085053527312654 0.6502621264086232 0.021216030743892385 0.05121509064184222
0 0.10039116113093603 0.7757888290053895 0.14352182267362065 0.1343410093091622
0 0.4548407905572331 0.9369965703086722 0.054611583859456504 0.11418912297893187
0 0.21234696678561626 0.7153356197942186 0.022157562448531436 0.031905928466437965
0 0.278204776283283 0.6108010779029888 0.017452648915728775 0.01763351298383146
0 0.36028959648641223 0.5763743263106321 0.03485863299478452 0.05793238608525233
0 0.26997117760087835 0.6821705046545811 0.07719187482843808 0.09823615874571288
0 0.3209099643151249 0.5708990690837824 0.028781224265715045 0.02915727584517393
0 0.32874965687620095 0.662437530622244 0.02916552292066978 0.060455658990690886
2 0.3989843535547626 0.5741058304752572 0.022898709854515528 0.036736893679568845