0 0.11732500686247599 0.8353993140617345 0.23383749656876202 0.19143557079862814
1 0.23118583584957453 0.8202792748652622 0.16793302223442214 0.03360117589416949
0 0.406388965138622 0.6238143067123958 0.02827065605270382 0.07052915237628615
1 0.24366181718363986 0.8815801077902988 0.4873236343672797 0.23341989220970116
0 0.3111323085369201 0.6914037236648701 0.13317320889376885 0.1855609995100441
0 0.43487235794674717 0.694764821166095 0.023991216030743917 0.13182263596276333
0 0.4680359593741422 0.7040004899559039 0.022577545978589075 0.06297403233708976
0 0.5460993686522098 0.9080279274865262 0.07060664287675 0.17716315531602153
0 0.4261693659072193 0.8614306712395884 0.016933845731539953 0.04197942185203335
0 0.23069311007411472 0.6960215580597746 0.21502333241833652 0.23677609015188633
0 0.5070793302223442 0.9298579127878491 0.04139445511940707 0.13853993140617343
0 0.33723853966511114 0.82828025477707 0.11482843810046667 0.34343949044585986