0 0.20152758715344496 0.933219010289074 0.1077710678012627 0.12678098971092602
0 0.526600329398847 0.9113865752082312 0.03810321163875925 0.16540911317981388
0 0.2862009332967334 0.7854434100930917 0.2074938237716168 0.289671729544341
0 0.24692149327477353 0.8958549730524253 0.09883337908317319 0.20654581087702104
0 0.3875542135602525 0.6051665850073493 0.03308262421081526 0.028343949044585943
0 0.47483255558605547 0.5877119059284664 0.13411199560801534 0.08731994120529153
1 0.07642465001372496 0.9537898089171974 0.1378287125995059 0.08060264576188142
0 0.3527628328300851 0.7107177853993141 0.1101207795772715 0.15869181773640367
2 0.553611034861378 0.5354189122978932 0.021929728245951168 0.015854973052425343
0 0.4896788361240736 0.6767099461048506 0.008454570409003557 0.03526212640862324
0 0.07784381004666482 0.8295247427731504 0.15568762009332965 0.209906908378246