0 0.34552465753424655 0.8891340508806261 0.01363561643835616 0.0570939334637965
0 0.36456712328767127 0.7518517612524461 0.015046575342465774 0.13853718199608603
0 0.34293835616438356 0.9768737769080235 0.01222739726027394 0.03946183953033261
0 0.2858095890410959 0.6750269080234834 0.019279452054794553 0.03358610567514671
0 0.37632191780821916 0.6767074363992173 0.026331506849315102 0.03526418786692756
2 0.3871369863013699 0.6015582191780822 0.025391780821917825 0.1217465753424657
0 0.4040630136986301 0.886614481409002 0.03761643835616437 0.2216634050880626
0 0.3295383561643836 0.7946722113502935 0.010813698630136993 0.05289628180039133
0 0.17696027397260272 0.6624315068493151 0.13635342465753425 0.1225831702544031
0 0.05847260273972603 0.7610885518590997 0.09027671232876712 0.08479941291585123
0 0.44355890410958904 0.9739359099804304 0.015046575342465774 0.04702054794520543
0 0.37255342465753427 0.8643590998043053 0.02913972602739723 0.06130136986301379
0 0.27875753424657534 0.5717514677103718 0.061597260273972644 0.053737769080234796
0 0.10337534246575342 0.8950097847358122 0.0315013698630137 0.04534246575342469
0 0.1550972602739726 0.7946722113502935 0.038084931506849315 0.031066536203522503
0 0.40453424657534254 0.6863600782778866 0.009402739726027379 0.05793542074363996