0 0.3082088937688718 0.584407153356198 0.01837771067801264 0.02178833904948556
0 0.3725363711227011 0.554764821166095 0.0060389788635739775 0.014056834884860278
1 0.3273126544057096 0.7826139147476727 0.2571232500686248 0.06821656050955414
0 0.09527587153444964 0.7549559039686429 0.18269009058468294 0.15548750612444875
1 0.3975171561899533 0.6039514943655071 0.0638951413670052 0.027667809897109274
0 0.061288772989294533 0.9131651151396374 0.12054076310732913 0.14227339539441455
0 0.47253225363711227 0.86890739833415 0.04704090035684872 0.09737383635472809
0 0.16606780126269557 0.7760828025477707 0.056873455942904216 0.06880450759431654
0 0.24106093878671422 0.6435031847133758 0.11097721657974197 0.11124938755512012
0 0.03196953060664288 0.9892062714355708 0.022572055997804014 0.021587457128858376
1 0.3415701345045293 0.8382386085252326 0.2864891572879495 0.04139637432631064
0 0.35074389239637666 0.5401200391964723 0.004463354378259674 0.007736403723664852
0 0.4264411199560802 0.6390445859872611 0.015500960746637394 0.050612444879960784
1 0.09975295086467197 0.8425551200391964 0.19799615701345044 0.0792993630573248