3 0.35512465753424655 0.6206873776908023 0.018600000000000026 0.007226027397260265
2 0.4017465753424658 0.578977495107632 0.05970684931506845 0.026751467710371853
3 0.5388958904109589 0.8502641878669276 0.03918356164383561 0.06122309197651668
0 0.1418164383561644 0.7269936399217221 0.06530410958904108 0.051893346379647716
3 0.41840410958904106 0.756470156555773 0.026802739726027376 0.020151663405087977
2 0.2579438356164384 0.8782485322896281 0.23447397260273975 0.24350293542074367
3 0.3335753424657535 0.5767954990215264 0.02214246575342464 0.008297455968688864
3 0.40445342465753426 0.56861301369863 0.009186301369863006 0.0063258317025440625
3 0.35529452054794514 0.5951076320939335 0.023947945205479475 0.009569471624266229
0 0.1409013698630137 0.7545719178082192 0.009468493150684947 0.01165851272015652
3 0.42498630136986304 0.9269153620352251 0.07193972602739725 0.1410616438356164
3 0.3552945205479452 0.6130748532289628 0.02460547945205478 0.006443248532289664
2 0.4219671232876713 0.665220156555773 0.08806575342465756 0.10087084148727987
3 0.37020958904109585 0.5727274951076322 0.03617808219178081 0.01220645792563603