0 0.2479904109589041 0.6491536203522504 0.011969863013698614 0.01554794520547944
0 0.4166698630136986 0.5338527397260274 0.012221917808219213 0.008136007827788592
0 0.38307808219178086 0.6737108610567515 0.015673972602739672 0.02798923679060667
0 0.27532465753424656 0.6926027397260274 0.08776712328767121 0.10215264187866925
0 0.33057260273972605 0.9799437377690803 0.01488767123287669 0.040112524461839535
0 0.18931917808219179 0.7475293542074363 0.012145205479452035 0.027289628180039126
0 0.486127397260274 0.977727495107632 0.013323287671232907 0.03707925636007826
0 0.43773698630136987 0.5421697651663406 0.01371506849315067 0.019593933463796457
1 0.3143123287671233 0.9553375733855186 0.02155068493150681 0.01749510763209393
0 0.11624246575342465 0.774116927592955 0.02821095890410958 0.02168786692759292
0 0.3203849315068493 0.7471795499021527 0.057991780821917825 0.13713796477495116
0 0.282958904109589 0.8846746575342466 0.01605479452054792 0.046893346379647816
0 0.4175575342465754 0.5673581213307239 0.021158904109589045 0.02798434442270061
0 0.4269630136986301 0.9854231898238747 0.020375342465753395 0.024486301369862993
0 0.17736849315068492 0.797206457925636 0.06112602739726028 0.07206457925636017
0 0.32567534246575347 0.8367392367906067 0.009010958904109617 0.044779843444226995
0 0.356545205479452 0.57043542074364 0.0511835616438356 0.02721135029354202
0 0.3480095890410959 0.6121379647749511 0.05367945205479454 0.05597847358121334
0 0.4679082191780822 0.69470156555773 0.02782191780821923 0.05178082191780829
0 0.37916438356164384 0.785660469667319 0.01723287671232879 0.0797651663405089
0 0.39757397260273974 0.615288649706458 0.028994520547945185 0.038483365949119414
0 0.3928726027397261 0.7086961839530332 0.009405479452054838 0.04338062622309201
1 0.0751013698630137 0.8122504892367906 0.008619178082191791 0.022387475538160465
0 0.3362547945205479 0.6583170254403131 0.014498630136986322 0.01818982387475541
0 0.541186301369863 0.7851834637964775 0.06073424657534248 0.15976027397260273
1 0.13877397260273974 0.839187866927593 0.27702191780821916 0.04408023483365945
0 0.28281917808219176 0.6107656555772996 0.0576876712328767 0.03206947162426612
0 0.15165342465753426 0.7004158512720157 0.049005479452054794 0.025753424657534295
0 0.07235890410958905 0.774116927592955 0.04623561643835617 0.03707925636007826
0 0.4925904109589041 0.9231531311154599 0.016852054794520545 0.08466242661448138
1 0.06687260273972602 0.7404965753424657 0.13321917808219177 0.011961839530332703
0 0.13642191780821916 0.7412328767123287 0.05916712328767123 0.03428571428571425
0 0.30549452054794524 0.9332974559686888 0.018024657534246567 0.08955968688845399
0 0.39013013698630133 0.6443248532289628 0.0070547945205479455 0.013992172211350249
0 0.4226520547945205 0.6464212328767123 0.01802191780821917 0.0349853228962818
1 0.4439041095890411 0.638461350293542 0.1012219178082192 0.010689823874755448
1 0.42931369863013696 0.8692759295499023 0.2915205479452055 0.03708414872798432
0 0.4621917808219178 0.5417343444227005 0.012663013698630082 0.016873776908023486
0 0.07901917808219179 0.9183708414872799 0.13243835616438354 0.16325831702544033
0 0.08783561643835618 0.7912597847358122 0.018416438356164376 0.01259784735812133
0 0.4608547945205479 0.6173874755381605 0.010580821917808252 0.03708414872798432
1 0.3504369863013699 0.5908439334637965 0.04272054794520543 0.006805283757338592
1 0.06262739726027397 0.7989554794520548 0.12525479452054794 0.023791585127201618
0 0.28923424657534247 0.8346404109589042 0.016063013698630106 0.05457436399217219