0 0.5566840516058194 0.8778049975502205 0.07107878122426567 0.2392944634982851
0 0.3628534175130387 0.6775502204801568 0.011762283832006563 0.018471337579617858
1 0.26315124897062864 0.9168471337579617 0.03626681306615427 0.015115139637432698
0 0.328302223442218 0.799718275355218 0.04332418336535827 0.04617834394904458
0 0.41276283283008514 0.6767123958843705 0.017405984079055747 0.031905928466438076
0 0.5378671424650013 0.7510191082802548 0.03344496294262968 0.0764037236648702
0 0.3218611034861378 0.59421852033317 0.022871259950590157 0.021558059774620286
0 0.23798380455668405 0.6834296913277805 0.06966511117211088 0.0688486036256738
0 0.4724800988196541 0.968483586477217 0.0089843535547625 0.057937285644292014
0 0.2763162228932199 0.8186085252327291 0.04566566017018938 0.06717295443410089
0 0.49861240735657425 0.722890739833415 0.036692286576997 0.07557079862812348
0 0.4492190502333242 0.6897256246937775 0.011290145484490772 0.031063204311612
0 0.2802937139720011 0.6926555609995101 0.054575898984353534 0.06211660950514453
0 0.4614040625857809 0.9050930916217541 0.011290145484490834 0.03862322390984808
0 0.5056450727422455 0.8882974032337089 0.015100192149327474 0.04198432141107292
0 0.25844633543782597 0.7464012738853503 0.02780126269558056 0.0520578147966683
0 0.3911021136426022 0.6523615874571288 0.024037880867416945 0.040303772660460556
0 0.4250535273126544 0.6206173444390004 0.02095525665660174 0.038294953454189165
0 0.26685973099094157 0.6083610975012249 0.016360142739500417 0.01311611954924056
0 0.20693796321712873 0.6653772660460557 0.11294262970079606 0.09487996080352762
2 0.30305105682130107 0.5820847623713865 0.032893219873730485 0.026991670749632494
0 0.3347927532253637 0.6057398334149927 0.006049958825144102 0.016869181773640402
0 0.2457480098819654 0.6157471827535522 0.053357123250068625 0.04033317001469876
0 0.6039829810595663 0.9197844194022538 0.07432335986824053 0.1486134247917688
0 0.4424650013724952 0.8916952474277315 0.02377161679934124 0.2126898579127878
0 0.07522371671699149 0.7837628613424791 0.14963491627779302 0.15365017148456644