0 0.2573643835616438 0.700215264187867 0.03197260273972604 0.060450097847358095
1 0.6718342465753424 0.8285518590998043 0.05646301369863005 0.03708414872798432
0 0.36894109589041096 0.5588869863013699 0.014512328767123233 0.016599804305283676
1 0.8608561643835616 0.9546232876712328 0.07852328767123279 0.060450097847358095
1 0.8354698630136986 0.8849437377690803 0.11990958904109592 0.07722602739726023
1 0.23866301369863013 0.6400562622309198 0.1417095890410959 0.010494129158512742
2 0.7365054794520548 0.7862230919765166 0.07601369863013693 0.07976516634050879
0 0.30837534246575343 0.6327666340508806 0.007512328767123308 0.02040606653620354
1 0.10572602739726028 0.9709955968688846 0.1057917808219178 0.056257338551859104
0 0.2768657534246575 0.6572553816046965 0.020898630136986326 0.029735812133072394
0 0.8346589041095891 0.8117612524461839 0.12029315068493156 0.06646771037182002
1 0.410413698630137 0.6283953033268102 0.11232328767123288 0.019823874755381596
0 0.9367301369863014 0.8757827788649706 0.07993150684931506 0.06297455968688846
1 0.4195794520547946 0.6506775929549903 0.15516438356164386 0.01511252446183958
1 0.35646986301369865 0.5594960861056752 0.12607397260273975 0.011340508806262263
1 0.051419178082191784 0.9071844422700587 0.09968219178082192 0.03946673189823867
1 0.2778452054794521 0.6117759295499021 0.029389041095890404 0.02157534246575338
0 0.15815205479452057 0.8106262230919765 0.15798630136986302 0.17716242661448148
0 0.42131917808219177 0.54896771037182 0.01813972602739727 0.030772994129158446
1 0.334927397260274 0.5991780821917807 0.18276438356164382 0.019432485322896296
0 0.0178 0.805589530332681 0.02867945205479452 0.032744618395303245
0 0.3525780821917808 0.974774951076321 0.019276712328767095 0.04869863013698628
3 0.5655753424657534 0.688461350293542 0.0945095890410959 0.08060176125244618
0 0.5641643835616438 0.8849363992172211 0.08980821917808218 0.2166242661448141
3 0.4938808219178082 0.6141609589041096 0.030386301369862975 0.02915362035225056