0 0.46051880318418886 0.7941719745222929 0.048300850947021697 0.09177364037236646
0 0.194855888004392 0.8255512003919646 0.2376063683777107 0.332562469377756
1 0.40052978314575904 0.8755120039196472 0.21656327202854786 0.043096521313081844
0 0.39383337908317323 0.6019132778049976 0.02402141092506176 0.047511024007839305
0 0.5458221246225637 0.910296423321901 0.0553115564095525 0.17940715335619797
0 0.05463079879220423 0.8041156295933365 0.10906395827614603 0.04867221950024494
0 0.21959923140269008 0.7073983341499265 0.20988196541312104 0.1954924056834885
0 0.38923689267087563 0.8365850073493386 0.024150425473510848 0.08482116609505139
0 0.43948394180620365 0.6780671239588437 0.032720285479000834 0.21552670259676635
0 0.4807727147954982 0.9200122488975991 0.028045566840516078 0.159906908378246
0 0.13610348613779852 0.7119941205291523 0.07335986824046117 0.0706810387065164