0 0.3795772714795498 0.8123272905438511 0.047104035135877 0.37534541891229783
0 0.47674718638484764 0.8092601665850073 0.07448256931100745 0.15976482116609503
0 0.4521712874004941 0.6200465458108769 0.014746088388690584 0.02125918667319946
0 0.2876351907768323 0.6145786379225869 0.09361240735657421 0.08563939245467907
0 0.3831567389514137 0.6188878000979913 0.02254186110348617 0.09387555120039204
0 0.4330771342300302 0.6055365017148457 0.009453746911885823 0.021254287114159668
0 0.452042272852045 0.9361587457128857 0.022580290968981606 0.12258696717295446
0 0.4323195168816909 0.6317148456638902 0.015679385122152042 0.04373346398824105
0 0.4167252264617074 0.5532361587457129 0.012665385671150178 0.03070553650171488
0 0.4570848202031293 0.8160901518863302 0.11598133406533076 0.36776090151886337
0 0.15981334065330774 0.9152131308182264 0.10903101839143561 0.16957373836354725
0 0.45045155091957173 0.6658255756981872 0.00947296184463354 0.03381675649191572
0 0.4336261323085369 0.6996423321901029 0.013719461981883068 0.039647231749142614
0 0.42317320889376886 0.5850685938265556 0.011759538841614032 0.03439980401763843
0 0.40537057370299207 0.5876923076923077 0.021885808399670605 0.03731504164625177
0 0.26317458138896516 0.7254091131798138 0.1387674993137524 0.2233414992650661