0 0.3134753424657534 0.5569055772994129 0.016326027397260252 0.017411937377690763
0 0.2926273972602739 0.6678889432485323 0.007523287671232887 0.010914872798434415
0 0.27687671232876715 0.6481580234833659 0.08604383561643837 0.10411448140900192
3 0.41404109589041094 0.5672309197651664 0.013830136986301375 0.010528375733855178
0 0.24795890410958904 0.7186888454011742 0.010345205479452052 0.018473581213307347
0 0.38365616438356165 0.5251198630136986 0.007027397260273997 0.02267612524461835
0 0.3965808219178082 0.536252446183953 0.006120547945205519 0.015792563600782766
0 0.35398493150684934 0.5577128180039138 0.009093150684931522 0.01943737769080236
0 0.335472602739726 0.5394936399217221 0.016326027397260252 0.014985322896281742
0 0.08691780821917808 0.7409368884540117 0.16879999999999998 0.11839041095890411
0 0.40617945205479455 0.7279231898238747 0.014578082191780832 0.028546966731898195
0 0.4141739726027397 0.6443811154598826 0.01363561643835616 0.02938845401174176