0 0.4101178082191781 0.5773923679060665 0.009068493150684906 0.022270058708414864
0 0.4129520547945206 0.5500611545988259 0.004309589041095896 0.016198630136986365
0 0.3088739726027397 0.5711179060665362 0.030158904109589085 0.029965753424657533
2 0.059798630136986296 0.8139848336594911 0.11959726027397259 0.14525929549902156
0 0.35751369863013704 0.7489138943248532 0.014106849315068495 0.015117416829745642
1 0.4364219178082192 0.6197651663405089 0.040849315068493125 0.011663405088062581
0 0.3875561643835616 0.5792147749510763 0.009747945205479431 0.02267612524461835
0 0.4323561643835616 0.7174315068493151 0.0424493150684931 0.10670254403131112
0 0.3846082191780822 0.5409515655577299 0.006575342465753425 0.010934442270058775
0 0.505154794520548 0.7686448140900196 0.02068767123287671 0.06633072407045017
0 0.428513698630137 0.8064285714285714 0.016928767123287662 0.0814481409001957
2 0.20775890410958903 0.6599143835616439 0.17067945205479454 0.16624755381604694
0 0.4727109589041096 0.9516854207436398 0.02068767123287671 0.08983855185909975
0 0.19600273972602741 0.884933953033268 0.046547945205479446 0.07724559686888459
0 0.35513150684931505 0.5539090019569471 0.01292602739726023 0.019843444227005843
0 0.41096986301369864 0.6232656555772994 0.012082191780821892 0.04198140900195692