0 0.5242245402141092 0.9118079372856442 0.08415591545429589 0.1645663890249878
0 0.38146307987922046 0.604921607055365 0.041432884984902565 0.05457618814306706
0 0.4085300576447983 0.5864502694757473 0.032459511391710126 0.0965556099951004
0 0.14046115838594564 0.9281234688878001 0.09700796047213835 0.13787359137677613
1 0.17612544606093877 0.805595296423322 0.35049958825144106 0.1335031847133758
0 0.3090159209442767 0.8442160705536502 0.13458413395553118 0.30982361587457136
0 0.28573016744441393 0.6326310632043116 0.08142465001372495 0.06296913277804997
0 0.44778479275322536 0.9013130818226359 0.08932747735382929 0.19059284664380205
1 0.2807905572330497 0.6838486036256738 0.19573428493000275 0.012596766291033713
2 0.4266538567115015 0.7363057324840764 0.1100741147405984 0.20656540911317978
0 0.16648229481196816 0.7459799118079373 0.055462530881141905 0.054576188143067174