0 0.42483424657534247 0.5757460861056751 0.004095890410958854 0.013781800391389468
0 0.36214657534246575 0.5833757338551859 0.01889589041095891 0.02975538160469664
0 0.3252958904109589 0.65323385518591 0.01197260273972604 0.022837573385518624
0 0.4256589041095891 0.5491634050880626 0.0034109589041096014 0.005391389432485314
0 0.26633698630136987 0.6170792563600782 0.0107780821917808 0.015861056751467748
1 0.4458493150684931 0.6028228962818004 0.03313424657534242 0.004295499021526405
0 0.4038095890410959 0.6509980430528375 0.0288684931506849 0.0378962818003913
1 0.37266849315068495 0.6808830724070449 0.17060821917808214 0.036443248532289634
3 0.43636027397260274 0.6251810176125244 0.019652054794520552 0.014510763209393386
0 0.38419178082191785 0.5499828767123287 0.0073479452054794345 0.010777886497064565
0 0.3762054794520548 0.5955528375733855 0.006443835616438351 0.013160469667319027
0 0.4265301369863014 0.6534271037181996 0.01716986301369865 0.03790117416829747
1 0.42003972602739725 0.5635689823874755 0.025997260273972568 0.004779843444226997
1 0.3010780821917808 0.6333121330724071 0.02285753424657536 0.008258317025440366
0 0.45667260273972604 0.6796966731898239 0.01438630136986301 0.03150684931506854
1 0.41145616438356164 0.6130993150684932 0.06897260273972602 0.020582191780821886
2 0.34154657534246574 0.5612157534246576 0.015367123287671272 0.01905577299412907