0 0.265286301369863 0.5845963796477495 0.009854794520547952 0.015934442270058677
1 0.2560931506849315 0.7651198630136986 0.4254301369863014 0.06549412915851267
1 0.2644123287671233 0.6008023483365948 0.07370136986301366 0.03148727984344429
0 0.2234849315068493 0.596254892367906 0.06935342465753425 0.06716731898238756
0 0.3542301369863014 0.5499657534246576 0.018158904109589032 0.0381311154598825
0 0.33192191780821917 0.5467612524461839 0.00680273972602744 0.031046966731898256
1 0.33145753424657537 0.5873874755381604 0.03306849315068494 0.0275538160469667
0 0.30682465753424654 0.5504990215264187 0.004986301369863026 0.013356164383561622
0 0.3716041095890411 0.5688649706457927 0.00831506849315066 0.011135029354207432
0 0.06928630136986301 0.7321208414872798 0.12224931506849314 0.09907534246575342
0 0.16943698630136986 0.6527764187866928 0.08087397260273971 0.0579305283757339
0 0.35866575342465756 0.6165459882583171 0.01763287671232874 0.07416829745596865