0 0.5228424657534246 0.8144911937377691 0.06308219178082192 0.20920743639921727
2 0.4151095890410959 0.6065973581213308 0.0747671232876712 0.13853718199608614
0 0.46641917808219174 0.8977544031311155 0.032520547945205494 0.198013698630137
0 0.3961931506849315 0.7240777886497064 0.013745205479452075 0.09562133072407047
0 0.33126438356164384 0.5826590019569471 0.050589041095890436 0.04292074363992173
0 0.33659041095890413 0.6149951076320939 0.042786301369863035 0.06633072407045006
0 0.17954657534246576 0.8664628180039139 0.1452904109589041 0.24517612524461832
0 0.47621506849315065 0.7469349315068493 0.041926027397260264 0.11901663405088062
0 0.29376027397260274 0.6867245596868884 0.04784383561643835 0.0629696673189824
0 0.4250904109589041 0.7074608610567514 0.01276712328767127 0.06821917808219181
0 0.24578082191780823 0.7353522504892368 0.01371506849315067 0.031487279843444176
0 0.4348561643835616 0.8386301369863013 0.015712328767123324 0.15953033268101768