0 0.44214931506849314 0.6267465753424658 0.025389041095890432 0.0344227005870841
1 0.3561041095890411 0.6884613502935422 0.02821369863013699 0.01511252446183958
0 0.428513698630137 0.6955968688845402 0.03291232876712332 0.09823874755381602
0 0.44567671232876716 0.7699045988258316 0.012695890410958944 0.03358610567514682
0 0.44355890410958904 0.8102054794520548 0.012224657534246546 0.04365949119373777
0 0.4028890410958904 0.6666291585127202 0.010813698630136993 0.040303326810176066
0 0.4755342465753425 0.9201981409001957 0.01974794520547943 0.15616927592954993
1 0.37843835616438354 0.6229696673189823 0.07193972602739725 0.04534246575342469
0 0.3812602739726027 0.6809026418786692 0.005172602739725995 0.011756360078277872
1 0.4680095890410959 0.6976956947162427 0.030090410958904152 0.01679060665362032
0 0.29615479452054794 0.958820939334638 0.07758082191780821 0.08060665362035224
0 0.4033575342465754 0.7241462818003914 0.010813698630136993 0.04113992172211357