1 0.26578630136986303 0.6233512720156557 0.034284931506849345 0.009716242661448092
0 0.26394657534246574 0.6951761252446185 0.014106849315068495 0.026868884540117453
0 0.38313972602739726 0.8299388454011741 0.012695890410958944 0.03442759295499016
0 0.3233356164383562 0.6466731898238749 0.010610958904109595 0.022348336594911967
2 0.4712232876712329 0.5888527397260274 0.06530684931506853 0.08940802348336595
0 0.210813698630137 0.8009711350293541 0.019747945205479463 0.052059686888454054
0 0.3815246575342466 0.5682020547945206 0.004534246575342453 0.016198630136986365
0 0.5578452054794522 0.8816927592954991 0.10720273972602745 0.2206555772994129
1 0.3340041095890411 0.7552103718199609 0.3338383561643835 0.020988258317025374
1 0.3785712328767123 0.6352544031311155 0.075372602739726 0.0072896281800391835
1 0.3123767123287671 0.6804818982387475 0.3761506849315069 0.03610078277886495
0 0.4280438356164384 0.7900538160469667 0.03197260273972604 0.03526418786692767
1 0.3566958904109589 0.5880430528375734 0.13763835616438358 0.005665362035225013
0 0.35892465753424657 0.9088625244618396 0.018808219178082217 0.13014187866927593
0 0.27843835616438356 0.6000269080234834 0.01986301369863014 0.02040606653620354