0 0.4183904109589041 0.6481580234833659 0.01644109589041102 0.06647260273972598
0 0.461658904109589 0.6371991193737769 0.005471232876712336 0.01943737769080236
0 0.38245616438356167 0.6143860078277886 0.03481369863013697 0.12045499021526421
0 0.4484013698630137 0.9073605675146771 0.01974520547945204 0.17549412915851273
0 0.22844657534246574 0.7631873776908024 0.023041095890410965 0.03694227005870841
0 0.43229041095890414 0.5569911937377691 0.0026904109589040923 0.009843444227005817
0 0.4318657534246575 0.7287915851272017 0.020980821917808198 0.12098825831702542
0 0.4137890410958904 0.5405406066536204 0.011353424657534262 0.01912426614481416
0 0.24550000000000002 0.6157240704500978 0.03539999999999998 0.02721135029354202
1 0.4145876712328767 0.6156188845401174 0.04567397260273967 0.007871819960861016
0 0.4672095890410959 0.8985371819960861 0.01598630136986299 0.038620352250489154
0 0.42425890410958905 0.5569911937377691 0.005526027397260294 0.015469667318982335
0 0.41512739726027403 0.5709099804305284 0.0093068493150685 0.04555772994129153
0 0.4367780821917808 0.5979036203522505 0.019857534246575347 0.023057729941291637
0 0.32107397260273973 0.6334637964774951 0.020219178082191768 0.031066536203522503
0 0.44322328767123287 0.7354941291585126 0.005169863013698662 0.044217221135029294
0 0.20352602739726028 0.6477372798434442 0.024920547945205488 0.02938845401174165
0 0.4067917808219178 0.7910640900195695 0.009873972602739716 0.07892857142857139
0 0.4549849315068493 0.7930308219178082 0.010342465753424658 0.0766682974559687