1 0.40644931506849313 0.622348336594912 0.04308493150684931 0.023434442270058642
0 0.4115493150684931 0.8958561643835617 0.035367123287671276 0.20828767123287673
0 0.183986301369863 0.827805772994129 0.07676712328767121 0.11894814090019563
0 0.380258904109589 0.7142123287671233 0.028298630136986292 0.14528375733855187
0 0.37758082191780823 0.5728473581213308 0.016619178082191804 0.036516634050880674
0 0.5665150684931506 0.8584858121330724 0.10579178082191777 0.19227495107632092
0 0.30657260273972603 0.6431360078277886 0.04627397260273975 0.07416829745596865
0 0.2202178082191781 0.6880406066536203 0.14011780821917807 0.1654060665362036
1 0.34751917808219174 0.7561350293542074 0.052150684931506826 0.021692759295499093
1 0.2266150684931507 0.65426614481409 0.02966849315068492 0.004383561643835634
0 0.299445205479452 0.7128106653620353 0.01833698630136988 0.038625244618395324
0 0.4707328767123288 0.6789872798434442 0.02911506849315068 0.03692759295499022
0 0.37132328767123285 0.6259589041095891 0.022482191780821902 0.028336594911937414
0 0.40841780821917806 0.5828057729941292 0.012249315068493161 0.04315557729941282
0 0.4363150684931507 0.7338845401174168 0.010876712328767135 0.07772994129158518
0 0.08738767123287672 0.8097871819960861 0.16973972602739726 0.1687622309197652
1 0.18457260273972603 0.6959368884540117 0.05215342465753425 0.031042074363992193
1 0.4348123287671233 0.6539603718199609 0.03949315068493153 0.01147260273972605
0 0.39529589041095886 0.6094618395303327 0.012904109589041134 0.031242661448140963
0 0.286786301369863 0.860738747553816 0.10700821917808218 0.2784735812133073
1 0.4112616438356164 0.6469520547945204 0.03367945205479447 0.015234833659491243
0 0.016775342465753424 0.9000464774951077 0.03355068493150685 0.03694227005870841
0 0.4125027397260274 0.7460396281800391 0.011701369863013709 0.02235322896281803
0 0.41640000000000005 0.6365068493150685 0.00809315068493156 0.014256360078277824
1 0.32104794520547947 0.6372602739726028 0.10980547945205482 0.01383561643835615
0 0.4442657534246576 0.9495865949119373 0.019276712328767095 0.09068003913894332
0 0.4291013698630137 0.80823385518591 0.02312876712328769 0.10981409001956949