0 0.37863436727971445 0.6418667319941206 0.015100192149327474 0.08312591866731998
0 0.08743068899258852 0.9785595296423322 0.05456491902278341 0.03946104850563448
0 0.3148956903650837 0.6061807937285645 0.018394180620367826 0.06549240568348841
0 0.2003513587702443 0.8555536501714845 0.1261158385945649 0.17632043116119545
0 0.28220285479000823 0.6372488975992161 0.028270656052703787 0.02686428221460065
0 0.3758358495745265 0.58015433610975 0.032928904748833386 0.08060264576188142
0 0.3120738402415592 0.7098775110240078 0.03156464452374417 0.07472807447329739
0 0.33326516607191875 0.5453086722195002 0.015522920669777644 0.05121509064184222
0 0.3442917924787264 0.7707496325330719 0.01885533900631343 0.07892209701126907
0 0.3812119132583036 0.8400244977951984 0.025942904199835297 0.31318961293483577
0 0.3273840241559154 0.7942601665850074 0.11195717814987645 0.24013228809407158
0 0.20082212462256382 0.8240641842234199 0.04144111995608016 0.08648211660950514
0 0.29137524018665933 0.5847721705046546 0.010864671973648073 0.029387555120039207
0 0.32662915179796864 0.6254948554630083 0.04468295360966236 0.11083292503674672
0 0.14625583310458415 0.7967785399314061 0.2154927257754598 0.2989073983341499