0 0.2921520724677463 0.6039269965703087 0.012610485863299494 0.022503674669279685
1 0.4346431512489706 0.6776016658500735 0.057614603348888245 0.008187163155315928
0 0.2010334888827889 0.641531112199902 0.08196266813066153 0.0791621754042137
0 0.30849574526489154 0.8584027437530622 0.07787537743617899 0.27437530622244
0 0.35878396925610767 0.6181283684468397 0.02341476804831182 0.03214110730034304
0 0.10301948943178697 0.7653233708966194 0.20443590447433435 0.20005389514943664
0 0.3790419983530057 0.7482361587457129 0.05097447158934945 0.14272415482606562
0 0.37439884710403515 0.6544512493875552 0.01566566017018939 0.038642822146006915
0 0.3221424650013725 0.577951984321411 0.007990667032665358 0.027809897109260164
0 0.030332143837496568 0.9292013718765311 0.060664287674993135 0.1337579617834395
0 0.27117211089761184 0.5763743263106321 0.037178149876475414 0.06441940225379705