0 0.1395580565468021 0.7838902498775111 0.08468844359044743 0.11778539931406166
0 0.21528273401043097 0.7976629103380696 0.03232775185286851 0.05562959333659969
3 0.036115838594564915 0.955499755022048 0.018907493823771614 0.02809897109260162
1 0.5646856986000549 0.8322146006859382 0.044924512764205345 0.027182753552180312
0 0.20047213834751576 0.9681210191082802 0.02377161679934121 0.05134247917687406
0 0.23626818556135054 0.629485546300833 0.02077683228108703 0.04593826555609995
0 0.183266538567115 0.8626457618814306 0.0357287949492177 0.058157765801077926
1 0.6598627504803734 0.9771827535521803 0.05084820203129283 0.045301322880940735
3 0.03228932198737304 0.9047525722684958 0.018298105956629156 0.030553650171484516
0 0.3566799341202306 0.6236942675159236 0.012465001372495156 0.03742283194512499
1 0.29146170738402416 0.9296153846153846 0.23096623661817184 0.0679519843214111