0 0.3315917808219178 0.5783781800391389 0.0383780821917808 0.017206457925636045
0 0.12775479452054794 0.8894691780821917 0.17025479452054793 0.21159001956947163
3 0.33982602739726026 0.675293542074364 0.027482191780821903 0.02526418786692753
3 0.36485753424657535 0.7054182974559687 0.024761643835616468 0.01360567514677101
3 0.41410547945205484 0.5956017612524461 0.021487671232876728 0.01458904109589038
3 0.4897643835616438 0.5677152641878669 0.010454794520547967 0.006076320939334562
3 0.48866575342465757 0.7250978473581213 0.014964383561643868 0.015058708414872786
0 0.49146575342465754 0.55293542074364 0.007506849315068456 0.012954990215264197
0 0.4653945205479452 0.8299045988258316 0.027139726027397244 0.1622162426614481
3 0.3488164383561644 0.7442954990215265 0.0315013698630137 0.02267123287671229
0 0.3950821917808219 0.5662328767123288 0.05311780821917811 0.03408023483365953
0 0.02266575342465753 0.915075831702544 0.039073972602739725 0.046179060665361975
0 0.4411890410958904 0.5650513698630137 0.014947945205479438 0.014848336594912004