0 0.10274361789733735 0.7694904458598726 0.021216030743892403 0.04449779519843222
0 0.3981567389514137 0.697283194512494 0.014628053801811746 0.06464968152866245
0 0.4353417513038704 0.9130671239588438 0.011759538841614032 0.056256736893679535
0 0.4198202031292891 0.6956026457618814 0.023049684326104866 0.09991670749632536
0 0.39027312654405705 0.5930989710926016 0.004855888004391937 0.02577658010779025
0 0.3862009332967335 0.608219010289074 0.011677189129838035 0.026482116609505234
0 0.4590982706560527 0.9642846643802058 0.020699972550096098 0.057937285644292014
0 0.4066950315673895 0.5481381675649192 0.00481471314850397 0.012885840274375395
0 0.3934765303321438 0.869407153356198 0.025871534449629426 0.2560901518863303
0 0.40209442766950315 0.5271460068593826 0.00438649464726874 0.012302792748652683
0 0.397937139720011 0.5557545320921118 0.008764754323359885 0.033194512493875554
1 0.4139047488333791 0.623329250367467 0.014573153993961061 0.012185203331700204
0 0.14978314575898988 0.713655071043606 0.010864671973648104 0.02350808427241549
0 0.014072193247323634 0.8652082312591866 0.02685973099094153 0.04366487016168551
0 0.4143137524018666 0.5784737873591377 0.013365358221246241 0.03694757471827528