0 0.5107933022234422 0.6366487016168545 0.007186384847653051 0.016874081332679973
0 0.4884984902552841 0.722469377756002 0.023991216030743855 0.09319941205291525
0 0.3569969805105682 0.6998015678588927 0.019802360691737544 0.031068103870651682
0 0.3942382651660719 0.6103380695737384 0.00814713148503982 0.016854483096521357
0 0.3777065605270382 0.561891229789319 0.035918199286302535 0.030063694267515876
0 0.4778904748833379 0.630952964233219 0.022626955805654696 0.04953944145026943
0 0.05885808399670601 0.7650416462518373 0.11097447158934945 0.044781969622734
0 0.17293164973922592 0.7276065654091132 0.1203842986549547 0.10705046545810877
0 0.38580290968981606 0.667422831945125 0.018435355476255792 0.024507594316511505
1 0.48328849849025524 0.5647746202841744 0.01304419434531985 0.008098971092601652
0 0.47581937963217125 0.5585350318471338 0.003403788086741659 0.013160215580597809
0 0.6082212462256382 0.8866193042626165 0.046088388690639484 0.12091131798138166
0 0.4981183090859182 0.882420382165605 0.03946472687345594 0.2317393434590887
0 0.46220010979961573 0.5671362077413034 0.008715344496294262 0.029020088192062723
0 0.5731526214658248 0.9407741303282704 0.01746088388690643 0.111670749632533
0 0.1247145209991765 0.7636428221460068 0.03414493549272577 0.03918177364037238
0 0.3058221246225638 0.6323860852523272 0.1454790008234971 0.09318961293483588
0 0.4007589898435356 0.5991940225379715 0.003423003019489439 0.007422831945124872
0 0.4868350260774087 0.6674742773150417 0.010288223991216035 0.033586477217050444
0 0.43745539390612137 0.7539686428221459 0.01128191051331324 0.03356197942185203
0 0.5078630249794126 0.6091474767270946 0.006996980510568215 0.030034296913277893
0 0.4869736480922317 0.5760779029887311 0.00340104309634919 0.014507594316511465
0 0.27983804556684055 0.853233708966193 0.08589074938237719 0.29069083782459576
0 0.32947845182541863 0.8013963743263107 0.015569585506450734 0.03442430181283684
0 0.4869640406258578 0.5932876041156296 0.004556684051605794 0.009113179813816824
0 0.22604721383475157 0.6548407643312102 0.03688718089486687 0.03988241058304757
0 0.38365358221246226 0.6331479666829986 0.008624759813340611 0.031489465948064774
0 0.10278204776283283 0.7328564429201372 0.032536371122701066 0.02239098481136689
0 0.5423634367279714 0.8375085742283195 0.01788086741696407 0.034439000489955886
1 0.521167993412023 0.8123125918667319 0.030060389788635736 0.02098971092601662
0 0.3987263244578644 0.6488926996570308 0.011408180071369735 0.013993140617344524