0 0.4479838045566841 0.6307128858402743 0.014155915454295892 0.02089661930426255
0 0.22808125171561902 0.665796178343949 0.04327751852868514 0.04366487016168551
0 0.39503568487510293 0.6226972072513474 0.015517430688992643 0.03789808917197448
0 0.18833241833653583 0.8572341989220971 0.03528136151523469 0.07052915237628604
0 0.39054350809772165 0.5823664870161686 0.009256107603623333 0.015551200391964727
2 0.45170189404337086 0.883561979421852 0.12025802909689813 0.2328760411562959
0 0.42664013175953885 0.6981234688878001 0.03857260499588251 0.13853993140617343
0 0.10603623387318144 0.7363253307202352 0.05320340378808674 0.067172954434101
0 0.40293164973922596 0.5668177364037237 0.007894592368926706 0.026237138657520913
1 0.14792615975844084 0.7950979911807937 0.11995333516332693 0.04702106810387067
0 0.11097584408454571 0.9000514453699168 0.1072989294537469 0.18975502204801578
0 0.22010842712050507 0.8710852523272905 0.10541586604446884 0.2309015188633023
0 0.2570354103760637 0.6649559039686429 0.012747735382926175 0.03526212640862324
1 0.17821026626406808 0.6892626163645272 0.03811144660993687 0.015546300832925046
0 0.5496513862201482 0.8286844683978442 0.034339829810595635 0.07220480156785884