3 0.03479702970297029 0.8049336609336609 0.023955445544554456 0.02562162162162156
3 0.1452908415841584 0.6661941031941031 0.032769801980198014 0.048122850122850155
3 0.07603465346534653 0.7571253071253071 0.020178217821782175 0.026250614250614285
1 0.2973391089108911 0.5862309582309583 0.06269801980198024 0.006250614250614264
0 0.4077363861386139 0.7150589680589681 0.06210148514851488 0.1628845208845209
0 0.48090965346534653 0.8558083538083538 0.0484133663366337 0.11879115479115479
0 0.3494405940594059 0.5387051597051596 0.006019801980198061 0.04062407862407855
0 0.31390222772277226 0.8554471744471744 0.02039851485148511 0.08009336609336609
0 0.36434282178217825 0.598012285012285 0.0226658415841584 0.07061916461916463
3 0.10436757425742574 0.7196289926289927 0.023957920792079212 0.029999999999999978
1 0.29799504950495054 0.5971695331695331 0.05561386138613863 0.008334152334152353
0 0.32523391089108916 0.6556633906633907 0.01042821782178215 0.027896805896805887