0 0.12513999451001923 0.7710632043116119 0.011899533351633275 0.016384125428711444
1 0.41367005215481745 0.8541107300342969 0.17097996157013454 0.0483194512493875
0 0.4352182267362064 0.8549730524252818 0.06011528959648641 0.28123468887800096
0 0.19943041449354929 0.6627364037236648 0.0720807027175405 0.0716070553650172
0 0.10270107054625309 0.7476972072513475 0.0690200384298655 0.0667515923566879
0 0.288040076859731 0.6033145516903479 0.006900905846829564 0.00995100440960311
0 0.3786398572604996 0.5995100440960313 0.013936316222893215 0.021068103870651642
1 0.1987798517705188 0.9258402743753061 0.060996431512489714 0.025673689367956817
0 0.15986275048037332 0.7363253307202351 0.040691737578918474 0.06341989220970115
0 0.2975583310458414 0.5921925526702596 0.007869887455393864 0.00995100440960311
0 0.3709332967334614 0.5800489955903969 0.011968158111446584 0.015512003919647271
0 0.06411199560801538 0.8375134737873591 0.12376063683777107 0.1055903968642822
0 0.39233049684326105 0.6470676139147477 0.014427669503156723 0.06174914257716804
0 0.31828163601427395 0.8015678588926997 0.1336810321163876 0.3811856932876041