0 0.21101976393082625 0.7038020578147967 0.031449354927257735 0.04500734933855959
0 0.3250603897886358 0.8077266046055855 0.013601427395004105 0.03540421362077412
0 0.05488882788910239 0.768532582067614 0.09891298380455668 0.07635962763351294
1 0.33079055723304973 0.7560191082802549 0.16173483392808127 0.040034296913277825
1 0.18076310732912435 0.7317883390494855 0.13202305791929728 0.013346398824105835
3 0.4027504803733187 0.6531847133757962 0.008871808948668725 0.006144047035766763
0 0.3341119956080154 0.6764919157275844 0.04195992314026898 0.03590396864282213
1 0.21351358770244303 0.7470651641352278 0.037798517705188016 0.006673199412052862
1 0.3661323085369202 0.8024963253307202 0.04895964864122973 0.01456638902498776
1 0.34013724951962665 0.7235350318471339 0.04820752127367557 0.020720235178834
0 0.2622879494921768 0.667388535031847 0.028643974746088395 0.049054385105340576
0 0.27867828712599507 0.6825110240078394 0.01854241010156463 0.0295590396864283
3 0.41471863848476537 0.6682582067613915 0.017068350260774103 0.005854973052425304
0 0.2458687894592369 0.7609456148946594 0.016716991490529777 0.03894169524742774
1 0.15635465275871535 0.7043949044585988 0.06199835300576447 0.015453209211170977
1 0.2837661268185561 0.7268716315531603 0.023612407356574248 0.00983341499265063