0 0.4836151523469668 0.8864355707986282 0.04507823222618722 0.13994610485056339
0 0.42928218501235244 0.8220896619304262 0.010455668405160622 0.03789808917197448
0 0.46999313752401867 0.7439955903968642 0.12779851770518802 0.1139588437040666
0 0.45263930826242105 0.9048848603625673 0.013392808125171553 0.03207251347378726
0 0.44637386769146303 0.6130671239588437 0.047823222618720844 0.07976482116609514
0 0.34115975844084545 0.6002866242038216 0.021106231128191016 0.049010289073983325
0 0.3980236069173758 0.5726482116609506 0.012588525940159244 0.009598236158745672
0 0.36571781498764755 0.9789563939245468 0.008712599505901732 0.023811856932875998
0 0.46145896239363166 0.8654973052425282 0.014046115838594584 0.025712885840274383
2 0.19888553390063135 0.9146227339539441 0.13804556684051605 0.16471827535521794
0 0.3865838594564919 0.865874571288584 0.009451001921493292 0.023057324840764306
1 0.24372906944825692 0.6241303282704557 0.01746637386769146 0.007692307692307714
1 0.06812105407631074 0.7664576188143067 0.053991216030743895 0.012552670259676687
0 0.012429316497392257 0.8190960313571779 0.024726873455942905 0.017408133268005867
0 0.40322673620642324 0.6880034296913278 0.006047213834751571 0.06850073493385593
1 0.1923318693384573 0.7589955903968644 0.03951413670052153 0.007555120039196396
1 0.3341559154542959 0.5512371386575209 0.020164699423552028 0.00480646741793236
1 0.4107919297282459 0.8507373836354728 0.03161405435080973 0.029843214110729963
0 0.5245772714795498 0.9651518863302303 0.03057644798243209 0.06507104360607542
1 0.3265934669228658 0.6811660950514453 0.05883063409278072 0.014561489465947966
0 0.4387290694482569 0.6284590886820186 0.013719461981883068 0.01819206271435576
1 0.33839555311556413 0.5390666340029397 0.011377985177051892 0.003689367956883867
0 0.438534175130387 0.964453699167075 0.014504529234147658 0.0678686918177364
0 0.182695580565468 0.665124938755512 0.050667032665385685 0.0583047525722685
0 0.41861103486137796 0.8878025477707007 0.00871259950590167 0.0170063694267515