3 0.8916856435643564 0.6394127764127764 0.024480198019802002 0.01700737100737096
3 0.8241633663366337 0.7560515970515971 0.059158415841584155 0.05426535626535629
3 0.6976831683168316 0.6584496314496315 0.023257425742574268 0.012958230958231017
3 0.8410952970297029 0.6422481572481572 0.03672029702970295 0.03077641277641272
1 0.14171534653465345 0.6051302211302212 0.021806930693069312 0.007164619164619129
3 0.7539876237623763 0.7054275184275185 0.051816831683168356 0.03887469287469283
3 0.8453787128712871 0.6001302211302211 0.0281534653465346 0.022678132678132613
3 0.9739950495049505 0.8046511056511058 0.05200990099009898 0.057508599508599496
3 0.8582301980198019 0.7147420147420147 0.025297029702970254 0.021867321867321866
3 0.8994393564356434 0.6183538083538083 0.031007425742574254 0.01539066339066336
3 0.7274542079207921 0.6567125307125307 0.019403465346534733 0.007056511056511007