0 0.36928767123287676 0.6375489236790607 0.011134246575342493 0.04372798434442264
0 0.2509232876712329 0.57720156555773 0.04476712328767126 0.04547945205479454
0 0.25859726027397256 0.6885665362035224 0.04574794520547942 0.0781311154598826
0 0.3911821917808219 0.5949828767123287 0.009794520547945206 0.044897260273972596
0 0.1941095890410959 0.7037279843444227 0.041501369863013705 0.04780821917808221
0 0.39818630136986305 0.7573116438356166 0.021156164383561653 0.10915362035225044
0 0.32830958904109586 0.6025636007827788 0.0428054794520548 0.12419765166340505
0 0.12798767123287672 0.791479941291585 0.09341643835616438 0.12886007827788654
0 0.21239452054794522 0.8139310176125244 0.11007123287671233 0.17841976516634053
0 0.13337534246575344 0.9468713307240706 0.033013698630137 0.1049559686888454
0 0.04065616438356165 0.9113038160469666 0.0813123287671233 0.10844911937377695
0 0.28879999999999995 0.6984809197651664 0.0428054794520548 0.0629696673189824
0 0.06317260273972602 0.7599951076320939 0.12378630136986302 0.10903131115459877
0 0.35083972602739727 0.6115998043052838 0.012112328767123298 0.032651663405088065
0 0.1777821917808219 0.6325929549902153 0.03562465753424657 0.023326810176125163
0 0.30297123287671235 0.8240606653620353 0.09779999999999997 0.3434050880626222
0 0.4334506849315068 0.8152446183953034 0.06535616438356164 0.36440313111545986
0 0.41581780821917813 0.6897211350293542 0.011284931506849267 0.04450097847358123
0 0.38594657534246574 0.5576272015655577 0.014550684931506823 0.02024461839530338