2 0.061189953335163326 0.8598726114649682 0.12152346966785615 0.18075453209211176
0 0.3798119681581115 0.878640372366487 0.051323085369201216 0.23929936305732488
0 0.3417087565193522 0.7220504654581087 0.027705188031841844 0.060455658990690886
0 0.38896102113642606 0.5809921607055365 0.04986275048037328 0.0520578147966683
0 0.2803431237990667 0.8009750122488976 0.08937688718089484 0.13266046055854971
0 0.20905435080977217 0.9101273885350318 0.050378808674169634 0.11755022048015683
0 0.39227696953060665 0.6166780989710925 0.057438923963766125 0.09656050955414021
0 0.41377710678012625 0.5414380205781478 0.027609113368103254 0.026678098971092624
0 0.32994921767773816 0.6767123958843705 0.04661817183639862 0.04534051935325819
0 0.3812462256382103 0.6825894169524742 0.00987647543233593 0.053733463988241095
0 0.17659758440845458 0.7636134247917686 0.10447707933022234 0.10662910338069569
0 0.43085094702168547 0.8127315041646251 0.024507274224540205 0.060455658990690886
0 0.4565866044468844 0.5836428221460068 0.01419434531979139 0.06579617834394903
0 0.17541998353005767 0.7283488486036257 0.10494921767773814 0.09991180793728568
0 0.34617760087839694 0.6301102400783929 0.023565742519901154 0.04114159725624695
0 0.3847721657974197 0.5601004409603135 0.008111446609936852 0.013341499265066153