1 0.3191065056272303 0.6666413522782949 0.06577271479549819 0.011077902988731077
0 0.4476146033488883 0.609451249387555 0.01909415317046389 0.09886330230279274
0 0.3407438923963766 0.9483317001469868 0.009876475432335993 0.0965556099951004
0 0.37346006038978863 0.8509358157765801 0.017922042272852098 0.04785889269965695
1 0.3348421630524293 0.7831969622733954 0.02874553939061214 0.027403233708966225
0 0.2821630524293165 0.6596423321901028 0.044803733186933856 0.03613914747672709
1 0.34711776008783973 0.8849387555120038 0.13730990941531707 0.031905928466438076
1 0.372592643425748 0.696609505144537 0.04009607466373872 0.025644292013718838
2 0.4628616524842163 0.8278441940225381 0.1364177875377436 0.3341695247427732
0 0.11752950864671974 0.7273076923076923 0.20988745539390613 0.15548750612444875
0 0.3371287400494098 0.7406908378245958 0.032994784518254196 0.07055365017148457
1 0.37373593192423826 0.6785570798628123 0.040455668405160614 0.02125918667319946