0 0.13423689267087566 0.9483317001469868 0.04845182541861103 0.10159235668789815
0 0.3774828438100467 0.5977878490935816 0.013642602250892134 0.04365997060264582
0 0.388302223442218 0.6888853503184713 0.020227834202580307 0.04953944145026943
0 0.397710678012627 0.7690690837824596 0.019286302497941256 0.0822831945124939
0 0.2779687071095251 0.8375159235668789 0.12047213834751574 0.32496815286624203
0 0.481183090859182 0.8584933855952964 0.11388416140543511 0.2779176874081333
0 0.3819283557507549 0.9034272415482606 0.030153719461981858 0.1931455169034787
0 0.3123016744441395 0.5689735423811857 0.016335437825967608 0.026237138657520802
0 0.4454337084820203 0.662437530622244 0.012278342025802915 0.025188633023027967
0 0.35464452374416683 0.7405218030377266 0.03203403788086743 0.1125085742283195
0 0.42708619269832554 0.6746129348358648 0.015100192149327537 0.07808427241548255
0 0.34544743343398304 0.6170970112689858 0.03528136151523469 0.11923076923076929
0 0.4038018116936591 0.6175183733463988 0.020181169365907213 0.05457618814306706