0 0.49880684931506847 0.681323385518591 0.03338356164383559 0.06465264187866931
0 0.4355671232876713 0.9088625244618396 0.010345205479452052 0.056257338551859104
0 0.4353315068493151 0.802649217221135 0.024920547945205488 0.07220645792563608
0 0.296154794520548 0.724567025440313 0.011756164383561666 0.020151663405087977
3 0.21575205479452056 0.8261619373776907 0.02586027397260277 0.04702054794520554
0 0.4108821917808219 0.684263698630137 0.024920547945205488 0.0822847358121331
0 0.4108808219178083 0.7539530332681017 0.010813698630136993 0.04869863013698628
1 0.5042150684931507 0.727504892367906 0.08557534246575339 0.014275929549902073
1 0.08409726027397262 0.8442123287671234 0.07758082191780823 0.02267123287671229
1 0.4405041095890411 0.7379990215264187 0.0399671232876712 0.04365949119373777
1 0.23173698630136985 0.6510983365949119 0.22052054794520548 0.07808708414872804
0 0.15439041095890413 0.9264946183953033 0.07523013698630138 0.13014187866927593
0 0.3582191780821918 0.6057583170254404 0.03526575342465748 0.01763209393346378
2 0.3972452054794521 0.5868664383561643 0.058775342465753416 0.11250978473581215
0 0.4120561643835617 0.8018101761252446 0.013164383561643823 0.025185909980430538